0.40126755658318,-0.0691627053653493,0.680845372817096,0,0,0,0,0,0,stand
0.490911614404966,0.103788192958048,0.905567744006849,-60.5604989188058,19.2064557756696,-18.9901079450335,14.9040222167969,-21.2326049804688,26.6756330217634,stand
0.482895106485445,-0.122760929473459,0.914462154858733,-68.365478515625,-10.3790283203125,-34.6486409505208,26.9508361816406,42.2336033412388,34.7006661551339,stand
0.508608774038461,-0.376139948918269,0.811307466947115,15.3004964192708,47.4014282226562,47.6679484049479,-19.9111938476562,-23.5026041666667,29.6732584635417,stand
0.354527064732143,-0.701154436383929,0.624867757161458,-21.9127948467548,23.4163724459135,0.855665940504808,-4.86168494591346,-12.4899057241587,18.3011568509615,stand
0.285482328232021,-0.747379668771404,0.606254682148973,-34.2263614430147,4.29804184857537,46.7978084788603,-21.1257934570312,-0.329859116498162,48.1625725241268,stand
0.501750330771169,-0.499852334299395,0.741626370337702,25.4610501802885,-18.4320303109976,-6.49202786959135,18.2688395182292,-6.3720703125,-14.8381551106771,stand
0.539330115685096,-0.554074018429487,0.631665352063301,6.8963857797476,-11.0121506911058,7.33360877403846,8.86770395132211,-10.2321918194111,-5.79188420222356,stand
0.186835394965278,-1.00772509162809,0.111611448688272,-55.3191048758371,-16.0271780831473,59.2476981026786,-43.2538986206055,-30.6897163391113,36.2482070922852,stand
0.327005440848214,-0.859798758370536,-0.0443429129464286,-77.4410472196691,-10.3831571691176,70.774751551011,32.5703340418199,-107.258067411535,-14.3639059627757,stand
0.367068820529514,-0.932835896809896,0.136937459309896,25.993892124721,111.621856689453,101.387568882533,-27.5628226143973,16.8075561523438,-81.8432399204799,stand
0.00450702742034314,-0.913973939185049,0.337857115502451,-33.0867767333984,105.705261230469,-41.6145324707031,-24.4542439778646,90.7114664713542,-46.6547648111979,stand
0.258906773158482,-0.967420305524554,0.349400111607143,-23.9139903675426,147.44706587358,6.0209794477983,5.66170432350852,-21.3193026455966,43.7573519620028,stand
0.139024303805444,-0.928909793976815,0.383464197958669,-22.7317810058594,91.3887023925781,-60.269037882487,13.9948527018229,19.8129018147786,-100.610097249349,stand
0.0108853044181034,-0.979079674030172,0.213252626616379,56.3518817608173,-179.649353027344,149.183420034555,-14.2141488882212,-25.9575477013221,65.3199415940505,stand
0.125481741768973,-1.04326956612723,0.0352979387555804,-22.6090749104818,7.02857971191406,22.4088033040365,-32.9430898030599,-2.30280558268229,5.58090209960938,stand
0.973752489276961,-0.129648246017157,0.101983762254902,-96.9636705186632,-33.7261623806424,-82.8458997938368,-31.0827891031901,9.3530019124349,-16.3580576578776,stand
0.957611659787736,0.352520636792453,-0.0529646963443396,63.597939231179,79.6002474698153,-108.510797674006,32.1246060458097,12.3117620294744,-74.6994018554688,back
0.67694091796875,0.492029825846354,0.418253580729167,-34.5899793836806,66.5512084960938,-38.6581420898438,5.7525634765625,-45.7049283114347,-14.9605490944602,back
-0.628861407844388,0.803798130580357,0.175968092315051,63.6787414550781,59.8011016845703,-244.917869567871,-44.6044921875,79.827880859375,-61.6302490234375,back
0.00364610015368852,0.978269483222336,0.255883388831967,23.5328674316406,56.2278747558594,-103.57666015625,29.2463302612305,40.9364700317383,33.3385467529297,back
0.00628762167008197,0.941354220030738,0.37505603227459,-22.4715012770433,31.103280874399,99.5195828951322,2.12625356820913,28.2768836388221,-29.3643657977764,back
0.225374591884328,0.614059220499067,0.787752521571828,-40.4961903889974,-32.9259236653646,5.32150268554688,-63.1643931070964,-2.79744466145833,4.89107767740885,back
0.291748046875,0.578058878580729,0.8126220703125,-42.4079895019531,-42.060307094029,35.0886753627232,-36.8505205426897,-32.0265633719308,17.4996512276786,back
0.29807861328125,0.57455322265625,0.81435791015625,-3.48892211914062,-1.82113647460938,3.97186279296875,-4.44602966308594,0.247001647949219,4.5318603515625,back
0.296956380208333,0.571070110987103,0.816090417286706,-4.57763671875,-0.7843017578125,4.29306030273438,-4.60739135742188,0.307464599609375,4.6295166015625,back
0.272776533917683,0.559168373666159,0.829825052400915,-4.46847768930289,-1.62388728215144,4.25074650691106,-4.5019296499399,0.339214618389423,4.57176795372596,back
0.274699549521169,0.549536920362903,0.830631379158266,-7.20469156901042,7.91083441840278,-7.19706217447917,-4.24618191189236,-2.33883327907986,2.93646918402778,back
0.302807097739362,0.550183884640957,0.827299077460106,-5.42684701772836,-3.12570425180288,5.79247107872596,-4.4561532827524,-1.32927527794471,3.39684119591346,back
0.302606879340278,0.62958984375,0.820694986979167,-4.45709228515625,-1.28021240234375,4.43572998046875,-3.90243530273438,-1.09634399414062,4.69970703125,back
0.179312076208726,0.942170916863208,0.214327830188679,39.1244888305664,-38.1221771240234,14.2011642456055,32.89794921875,13.2921006944444,5.27021620008681,left
0.0987661508413462,0.317928372896635,-0.685869891826923,51.3035167347301,-3.05730646306818,-15.5174948952415,24.6630581942472,30.4038307883523,-9.67754017223011,left
-0.472591824001736,0.122163560655382,-0.910717434353299,234.185438889724,-50.5024836613582,-89.1254131610577,-13.6349017803486,17.8739107572115,-169.834430401142,left
-0.569258568992077,0.0583513286751761,-0.805431956976232,17.1732584635417,-67.3487345377604,24.2228190104167,-1.25528971354167,7.72603352864583,-37.9425048828125,left
-0.585628836495536,0.2178955078125,-0.785505022321429,-3.72467041015625,-1.44755045572917,8.92690022786458,-3.65091959635417,-7.76214599609375,1.51570638020833,left
-0.229461214435634,0.807504226912313,0.344017825909515,-35.4385375976562,-71.373530796596,99.1336277553013,-61.5956233097957,-46.5627817007212,91.2727942833534,back
0.163549450860507,0.664844457653985,0.725325874660326,-85.9206063406808,-29.5181274414062,27.0271301269531,-92.3276628766741,12.3672485351562,37.7627781459263,back
0.291385711185516,0.68609134734623,0.718682183159722,-38.0445207868304,-49.5131356375558,-104.572296142578,16.7677743094308,-87.9102434430804,43.900626046317,back
0.286786247702206,0.683138978247549,0.724092371323529,-2.96367298473011,-1.22139670632102,5.3315596147017,-2.86278357872596,-1.25474196213942,4.67799260066106,back
0.277318883825231,0.685989945023148,0.725836859809028,-6.85535777698864,3.91457297585227,3.43253395774148,-4.06230579723011,-0.84686279296875,4.150390625,back
0.255086844308036,0.660721261160714,0.745125906808036,-5.69985129616477,-2.81247225674716,4.18923117897727,-4.0803389115767,5.44183904474432,0.264948064630682,back
-0.506387094350962,0.724894831730769,-0.397216796875,122.349330357143,73.6830575125558,-94.7440011160714,18.3535984584263,39.4025530133929,-27.4511064801897,back
-0.137222290039062,0.161805725097656,-0.768939208984375,110.468937800481,76.3191810021034,-86.3641592172476,-101.563673753005,6.30716177133414,65.5670166015625,left
-0.679964932528409,0.0989260983157468,-0.694069602272727,116.841316223145,21.4815139770508,-242.486953735352,108.283042907715,61.647891998291,66.2708282470703,left
-0.707721710205078,0.0799884796142578,-0.693706512451172,2.88200378417969,-158.810615539551,19.5112228393555,11.3997459411621,-9.3989372253418,-17.1055793762207,left
-0.338108871922349,0.299889766808712,-0.361379912405303,-3.1438974233774,-17.1802227313702,15.2376615084135,-3.15030415852865,-1.312255859375,24.5323181152344,left
0.000815943667763158,0.571131656044408,0.757863898026316,-166.593824114118,-63.819340297154,172.37309047154,-50.1093183244978,-37.217276436942,163.730621337891,back
0.169671921502976,0.661429268973214,0.782589867001488,27.0814895629883,132.045745849609,-74.8128890991211,-63.9591217041016,-41.7060852050781,-111.002922058105,back
0.218644425675676,0.637371991131757,0.782810520481419,5.21596272786458,-45.0490315755208,19.59228515625,-6.805419921875,-1.50468614366319,6.49007161458333,back
0.236093139648438,0.632455444335937,0.788278198242187,-4.46224212646484,-0.696182250976562,6.7596435546875,-4.443359375,-1.4801025390625,4.73480224609375,back
0.235648970170455,0.634454900568182,0.786408025568182,-4.54139709472656,0.313758850097656,4.42028045654297,-4.42314147949219,-0.243186950683594,4.47940826416016,back
0.238087373621324,0.633485681870404,0.78752046472886,-4.64144620028409,-0.699823552911932,4.30991432883523,-3.52408669211648,-2.61688232421875,3.43392112038352,back
0.234827260502049,0.63396716508709,0.789450723616803,-4.73213195800781,-0.295639038085938,3.80961100260417,-3.68663242885045,-0.357491629464286,4.25393240792411,back
-0.194912109375,0.8354443359375,0.284679361979167,-4.4403076171875,-1.22833251953125,4.19440636268029,-4.5623779296875,-1.0528564453125,4.16271503155048,back
-0.0518292682926829,0.38709091558689,-0.797827743902439,94.976806640625,26.6932169596354,-50.4043579101562,70.1314290364583,52.0451863606771,-40.6717936197917,left
-0.693430140398551,0.169185914855072,-0.635880180027174,64.8054235121783,36.2001306870404,-180.14840518727,100.907718434053,13.218599207261,-108.301050522748,left
-0.870188587116745,0.125,-0.459799712558962,22.1601213727679,-76.6149248395647,-10.7705252511161,-10.6195722307478,-86.860111781529,4.52968052455357,left
-0.742936197916667,0.195592447916667,-0.5883935546875,-3.66349653764205,-2.94910777698864,1.77140669389205,-2.01416015625,-2.08351828835227,4.2572021484375,left
-0.311376953125,0.0994705200195312,-0.984600830078125,8.69051615397135,137.17778523763,-35.5033874511719,-7.3237419128418,42.4861907958984,17.8408622741699,left
-0.172667456454918,0.548428895043545,-0.099425268954918,-56.4519246419271,-14.0925089518229,27.0360310872396,-6.84165954589844,46.9231605529785,-7.97557830810547,left
0.211210363051471,0.758198457605698,0.653422636144302,-75.2217219426082,-170.930715707632,112.826420710637,-43.4992863581731,-138.362591083233,174.618060772236,back
0.325057491179435,0.693993353074597,0.682432113155242,-28.6647251674107,-70.6383841378348,44.2025320870536,43.9431326729911,-56.8825857979911,24.8434884207589,back
0.320048014322917,0.675305684407552,0.716641743977865,-10.3865403395433,-0.369732196514423,3.88981745793269,4.9291757436899,1.74830510066106,7.87705641526442,back
0.298694428943452,0.66841052827381,0.73481677827381,-5.87387084960938,3.17459106445312,4.68826293945312,-6.1309814453125,0.543212890625,6.66732788085938,back
0.289931077223558,0.659149169921875,0.74627920297476,-4.11817762586806,0.732421875,4.31654188368056,-4.08681233723958,0.355190700954861,4.42165798611111,back
0.272089494977679,0.659467424665179,0.7560546875,-4.13582541725852,0.756003639914773,3.94994562322443,-4.07964533025568,-0.0846169211647727,4.31754372336648,back
-0.132862291837993,0.726082249691612,0.363934968647204,-1.17007168856534,9.98895818536932,0.258012251420455,-3.594970703125,-0.0757853190104167,4.41843668619792,back
-0.140756460336538,0.345799372746394,-0.877969595102163,95.7730611165365,139.373143513997,4.69652811686198,102.185249328613,48.2087135314941,-78.1450271606445,left
-0.365987428477113,0.118363501320423,-0.914366816131162,112.446178089489,159.975225275213,-14.7254250266335,33.2107543945312,70.6343217329545,-29.7504771839489,left
-0.354148463199013,0.0771291632401316,-0.923656262849507,35.6227329799107,-18.6958312988281,13.1072998046875,-2.43050711495536,14.4468035016741,32.2260175432478,left
-0.260821533203125,0.048870849609375,-0.9634033203125,3.30781936645508,-16.6831016540527,-12.4964714050293,-16.4131751427284,4.97964712289664,-4.08348670372596,left
-0.530831473214286,0.0122515966021825,-0.831329830109127,-44.3515777587891,4.69017028808594,-110.595703125,-20.4296112060547,-12.9222869873047,-62.6964569091797,left
-0.31896281692217,0.232850272700472,-0.840212264150943,0.768808218149038,-79.3451162484976,16.2823016826923,3.23016826923077,-45.812753530649,5.50490159254808,left
-0.0244046724759615,0.632974477914663,0.758882962740385,-225.952842018821,-73.9981911399148,29.7726717862216,-199.362182617188,-98.6198425292969,-4.55093383789062,back
0.199743936228198,0.670855854832849,0.763728651889535,-2.57804177024148,-89.4359241832386,27.006669477983,-28.3973000266335,-67.534706809304,-14.2704356800426,back
0.205267043340774,0.664928617931548,0.765613374255952,-4.16141086154514,6.95122612847222,2.77455647786458,-3.62396240234375,-2.838134765625,5.09098597935268,back
-0.00528846153846154,0.669634540264423,0.766293569711539,-4.88535563151042,-1.26817491319444,3.74433729383681,-4.49879964192708,-0.424702962239583,4.42250569661458,back
-0.0308275724712171,0.234782971833882,-0.768233449835526,76.0949941781851,59.6642127403846,0.108572152944712,3.82173978365385,65.4901357797476,-14.2323420597957,left
0.0656722005208333,0.026494140625,-0.948059895833333,195.357259114583,156.257629394531,-21.3668823242188,116.697184244792,79.1844685872396,-51.3702392578125,left
-0.224920810797276,0.103636130308494,-0.952350323016827,-25.7058143615723,108.685493469238,53.6460876464844,-17.9715156555176,-108.841896057129,39.0276908874512,left
-0.244635982789855,0.133682914402174,-0.982605865036232,-5.83267211914062,-10.0617408752441,26.5817642211914,-3.59630584716797,-3.70883941650391,6.69384002685547,left
-0.28289560171274,0.680769700270433,-0.166597806490385,-73.3724740835337,-16.8245755709135,37.4133770282452,-30.9328351702009,-8.66317749023438,15.7203674316406,back
0.0598210515202703,0.708347629856419,0.731300147804054,-138.213417746804,-57.1455522017045,-12.0995261452415,-51.4774322509766,-97.8622436523438,22.8681564331055,back
0.0377387152777778,0.694243706597222,0.773453776041667,-52.2260665893555,-98.4621047973633,29.1824340820312,-21.5072631835938,-44.7311401367188,-11.6910934448242,back
-0.0525239985039894,0.686071517619681,0.780369535405585,-5.30412462022569,-0.832451714409722,3.55784098307292,-6.05180528428819,-0.388251410590278,3.22214762369792,back
-0.255765642438616,0.494301932198661,-0.564130510602679,58.7365286690848,81.6901070731027,-20.1230730329241,19.1085815429688,44.2672729492188,-15.0741577148438,back
-0.132374156605114,-0.00616270123106061,-0.979421904592803,131.229400634766,113.921483357747,-16.3129170735677,115.852355957031,96.1329142252604,-10.1947784423828,left
-0.269176307091346,0.0754000150240385,-0.944007286658654,3.94381009615385,-63.2435725285457,56.5379216120793,-2.30172964242788,24.0237896259014,53.8013164813702,left
-0.303821000896516,0.0759737608862705,-0.935442815061475,-5.69752284458705,-9.11985124860491,5.43212890625,-8.35963657924107,-4.40216064453125,7.07953316824777,left
-0.324883563701923,0.139229642427885,-0.958723332331731,-3.3423105875651,-5.157470703125,4.84339396158854,-3.77845764160156,-3.48726908365885,5.07736206054688,left
-0.381907145182292,0.695195515950521,0.13653818766276,-96.0227966308594,-33.7905883789062,33.4274291992188,-60.5337960379464,-14.4201006208147,31.5982273646763,back
0.337546212332589,0.624232700892857,0.788670131138393,-122.874450683594,-53.3065795898438,21.4508056640625,-21.5377807617188,-104.525566101074,67.7022933959961,back
0.26287841796875,0.642382391567888,0.770585684940733,9.70776875813802,-90.2258555094401,41.6698455810547,-5.21596272786458,41.0016377766927,3.95393371582031,back
0.0858527981505102,0.737065529336735,0.566824776785714,-6.3385009765625,-1.35345458984375,4.35028076171875,-3.58390808105469,-3.03522745768229,3.80770365397135,back
0.0339304606119792,0.238440619574653,-0.93072509765625,138.324313693576,16.7015923394097,-6.43497043185764,120.689392089844,40.5410766601562,-0.10833740234375,left
-0.0147026909722222,0.00366598462301587,-0.985861157614087,111.969502766927,86.8947347005208,-72.772216796875,158.935546875,53.9215087890625,-41.2729899088542,left
-0.304557291666667,0.0514127604166667,-0.933968098958333,-12.0174701397236,-38.8201200045072,13.7992272010216,0.518798828125,34.1650155874399,12.9294762244591,left
-0.342410397219968,0.0680914544439935,-0.949849710836039,-5.89141845703125,-26.3519287109375,9.95839436848958,2.98919677734375,29.156494140625,-0.163777669270833,left
-0.549084078881048,0.617534022177419,-0.0950199250252016,-33.2794189453125,-46.7382158551897,15.9318106515067,-3.58104705810547,-11.2452507019043,4.89139556884766,back
0.0870208740234375,0.663822174072266,0.744338989257812,-107.016343336839,-78.1913170447716,37.2308584359976,-93.5481144831731,-61.5099393404447,45.6032386192909,back
0.131924203725962,0.677184119591346,0.775646033653846,-13.6607243464543,-88.6271550105168,61.5797776442308,-36.5665142352764,-74.6935330904447,47.4225557767428,back
-0.175670992943548,0.673184302545363,0.589046355216734,-5.58589054987981,-1.23420128455529,3.44027005709135,-3.82408728966346,-0.771742600661058,4.38807560847356,back
-0.296211812033582,0.171275580107276,-0.958348516208022,121.566772460938,152.056121826172,4.04129028320312,108.282822829026,101.930471567007,3.64978496844952,left
-0.368570382254464,0.08355712890625,-0.918661063058036,128.88663155692,104.088919503348,-53.0760628836496,-13.7525285993304,13.1944928850446,-95.3107561383929,left
-0.43960663766572,0.124073375355114,-0.901198878432765,9.45172991071429,12.6457214355469,20.1132638113839,16.7421613420759,21.5890066964286,2.36075265066964,left
-0.476703643798828,0.573280334472656,0.118921279907227,-26.89208984375,-53.7544250488281,47.4342346191406,-16.0282679966518,6.15746634347098,30.0968715122768,back
0.148147332863729,0.65027856045082,0.790165135117828,-96.4144193209135,-118.607741135817,-2.21017690805288,-84.2496431790865,-100.948627178486,25.4035362830529,back
0.151303335336538,0.676598182091346,0.787637094350962,-2.20724252554087,-48.9085270808293,34.7219613882212,-12.9247812124399,-18.0763831505409,9.44049541766827,back
-0.171710347020349,0.713009856468023,0.208944631177326,-5.39163442758414,33.022953913762,-9.2016366811899,-4.00777963491586,-0.296959510216346,4.54594538762019,back
-0.351886171283144,0.11520478219697,-0.948092373934659,113.350762261285,137.178209092882,-9.552001953125,115.608215332031,107.973371233259,-33.5824148995536,left
-0.579932643942637,0.109754588505993,-0.793759698737158,50.0896998814174,21.8020847865513,-89.6922520228795,-5.22341047014509,1.99181692940848,-100.467136928013,left
-0.623178335336538,0.110819185697115,-0.777509014423077,-1.62760416666667,-0.187174479166667,12.1134440104167,-3.09651692708333,-2.21099853515625,4.00187174479167,left
-0.5797265625,0.553515625,-0.128994140625,-0.910245455228365,7.51377986027644,29.3766902043269,-11.7040780874399,-17.1502920297476,4.38514122596154,back
0.258647303427419,0.652672552293347,0.784939673639113,-87.2306823730469,-82.2723388671875,57.7590942382812,-65.3564453125,-99.1432189941406,-21.4653015136719,back
0.211617891905738,0.689435114626025,0.763143570696721,-4.77893535907452,-162.303044245793,61.8491539588341,13.1272536057692,15.4295701246995,27.2809542142428,back
-0.0359627145235656,0.59113049116291,-0.0407674820696721,12.6715766059028,25.0311957465278,8.05833604600694,3.80648099459135,5.90925950270433,3.29061654897837,back
-0.378815083564082,0.109375,-0.906847990011867,131.305401141827,141.646165114183,-34.5993041992188,137.774540827825,121.306786170373,-6.76785982572115,left
-0.414086031626506,0.0770322500941265,-0.896247588008283,-14.7957801818848,-1.61218643188477,-58.1526756286621,21.8586921691895,-13.4592056274414,2.84719467163086,left
-0.437561848958333,0.0786474609375,-0.898011067708333,-3.45701329848346,-9.02826645795037,5.01565372242647,-4.87069522633272,-3.01540599149816,3.56741512522978,left
-0.516224419892724,0.428563359958022,-0.651512943097015,-14.1520182291667,-20.2407836914062,12.1912638346354,-4.43267822265625,-2.22218831380208,4.13614908854167,left
-0.348039593612939,0.781044407894737,0.46326111910636,-79.7854832240513,-67.1964372907366,32.9224722726004,-48.4188624790737,-64.4013541085379,65.1866367885045,back
-0.0918406951121795,0.922272511017628,0.595496544471154,-68.023681640625,-78.4549713134766,-4.23812866210938,-23.6078898111979,-49.5649973551432,57.0519765218099,back
0.0341178596793831,0.91248826856737,0.443132672991071,-29.0126800537109,-9.36317443847656,39.8473739624023,-4.3182373046875,-40.0524139404297,33.6704254150391,back
-0.110877990722656,0.956289291381836,0.253347396850586,51.4688491821289,-24.785041809082,13.0228996276855,-15.9278282752404,-21.2349524864784,24.9281663161058,back
-0.401543753487723,0.445299421037946,0.400647844587054,24.2626483623798,29.8191950871394,-60.6560340294471,-17.4161470853365,-22.7667001577524,22.0008263221154,back
-0.155186971028646,-0.708709716796875,0.655968560112847,-92.4752553304036,87.7793629964193,-182.120005289714,-40.2450561523438,22.7699279785156,-142.550786336263,right
0.230701647306743,-0.558847527754934,0.851866069592928,16.00341796875,-49.5702107747396,-65.2821858723958,-0.902811686197917,-38.4587605794271,-67.1142578125,right
0.110368347167969,-0.624261474609375,0.79757080078125,4.16088104248047,-2.27117538452148,-17.8675651550293,-7.32278823852539,0.551700592041016,9.39178466796875,right
-0.217540113231804,-0.613216351859177,0.634893876087816,-19.9956893920898,6.67524337768555,30.6649208068848,-9.50813293457031,-0.663280487060547,22.9487419128418,right
-0.338140578497024,0.699160621279762,0.633211650545635,-61.2401962280273,45.4421043395996,94.2506790161133,28.0887058803013,-1.35857718331473,166.981833321708,back
-0.0681448271780303,0.800296667850379,0.687333540482955,60.0087092472957,-45.9641676682692,115.22205059345,29.3849064753606,-62.6696073091947,73.0913602388822,back
-0.402604612585616,-0.18177272848887,0.635765598244863,-15.8782958984375,48.7152099609375,-76.4503479003906,5.3422110421317,52.1131243024554,-32.8194754464286,back
0.2926025390625,-0.554552232896959,0.864696605785473,-62.8626505533854,60.6781005859375,-118.946329752604,-5.80546061197917,-61.2279256184896,-101.80918375651,right
0.322154235839844,-0.503079223632813,0.83603515625,-18.7540690104167,-22.5199381510417,-29.9799601236979,22.747802734375,-4.01204427083333,-3.57309977213542,right
0.271200079666941,-0.544395045230263,0.845707943564967,-4.96912002563477,-7.7977180480957,8.4223747253418,1.36041641235352,-11.6353034973145,0.462055206298828,right
-0.510643897118506,-0.439778117390422,0.525549157873377,-16.2925720214844,45.6409454345703,38.7560526529948,-12.7220153808594,37.4627113342285,26.8726348876953,back
-0.389083370085685,0.788335984753024,0.551151398689516,52.5007981520433,-51.3323270357572,142.260037935697,-34.8386764526367,78.9642333984375,50.508975982666,back
-0.216550827026367,0.812633514404297,0.592041015625,68.5847355769231,-56.0267521784856,76.4083862304688,26.1746920072115,-55.483891413762,31.7570612980769,back
-0.591994065504808,0.588976111778846,0.318772536057692,-9.43756103515625,-10.8020489032452,8.28963059645433,-4.50486403245192,-0.953087439903846,3.02006648137019,back
0.27151991445807,-0.492252398140823,0.851202469837816,-64.8017296424279,-96.9825157752404,-94.0258319561298,-61.8538489708534,-19.1609309269832,-131.439795860877,right
0.551028781467014,-0.328230116102431,0.798253377278646,-43.6935424804688,-144.041538238525,-66.3051605224609,-8.14247131347656,-77.3296356201172,-73.002815246582,right
0.205399525316456,-0.480804057060918,0.846865110759494,0.512186686197917,21.3175455729167,12.2350056966146,-1.91802978515625,12.6805623372396,13.8580322265625,right
-0.600291285021552,0.26776333512931,0.448921992860991,-5.30446370442708,78.2277425130208,97.8932698567708,-27.4004936218262,79.8172950744629,66.2856101989746,back
0.320080394476232,0.725644393705986,0.554127008142606,40.2361551920573,-66.6707356770833,99.4275410970052,12.6177469889323,61.306635538737,99.2279052734375,back
0.548133002387153,0.680007934570312,0.599070231119792,-1.65211070667614,-87.3766812411222,43.9043912020597,-14.4139607747396,-37.5737508138021,64.8300170898438,back
0.154066685267857,-0.32318115234375,0.703140694754464,-5.16815185546875,95.3887939453125,10.7223510742188,-21.938959757487,24.8565673828125,1.64604187011719,right
0.280633795751284,-0.54149387307363,0.827951091609589,-70.7811628069196,131.0179574149,-194.107055664062,-51.2907845633371,10.4037693568638,-243.868146623884,right
0.218207864200368,-0.20057767980239,0.962661743164062,-47.1308390299479,46.6964721679688,28.3671061197917,7.44730631510417,38.8127644856771,-34.1588338216146,right
0.34253898499504,-0.1217041015625,0.968753875248016,49.5698111397879,-13.9399937220982,-46.546391078404,58.9158194405692,21.1317879813058,-9.3672616141183,right
-0.0511795847039474,-0.511829576994243,0.847543816817434,-15.5299793590199,16.4559104225852,15.5084783380682,-3.86634239783654,-3.95613450270433,3.7225576547476,right
-0.575492663261218,-0.172499436598558,0.53446764823718,-46.9050407409668,33.259391784668,44.3487167358398,-52.3347854614258,22.6097106933594,46.0572242736816,back
-0.559431596235795,0.615360144412879,0.622908158735795,59.7071647644043,149.374961853027,52.2050857543945,41.1672592163086,25.7158279418945,129.475593566895,back
0.15715076077369,0.129583543346774,0.879502819430444,-12.5984778771034,-40.8407358022837,41.1729079026442,15.5269916240986,-16.9830322265625,23.7415020282452,back
0.00835785308441558,0.194366058745942,0.983698064630682,-143.785916841947,38.7138953575721,67.4051138070913,-57.0637629582332,13.4347768930288,160.430321326623,back
0.0602001953125,-0.542688802083333,0.801373697916667,20.4544067382812,110.851287841797,-135.429382324219,-42.3908233642578,126.558303833008,-49.1981506347656,right
0.272930569118924,-0.339662339952257,0.91180419921875,25.848388671875,-10.2944374084473,-153.064727783203,-5.18226623535156,-28.2483100891113,-143.977165222168,right
0.0796841005735759,-0.674186609968354,0.801224720628956,-30.4712931315104,65.9479777018229,34.8088582356771,-6.43361409505208,12.2360229492188,23.2966105143229,right
-0.331209309895833,0.3940966796875,0.785086263020833,112.901814778646,-4.3060302734375,174.408976236979,-67.255973815918,-99.5502471923828,47.8606224060059,back
-0.0487515724311441,0.806956145722987,0.64930854409428,76.8402099609375,-3.75467936197917,132.396443684896,61.981201171875,-13.1276448567708,46.2819417317708,back
0.0806783040364583,0.728716532389323,0.730662027994792,39.5806630452474,-23.6587524414062,23.0617523193359,-24.450937906901,-7.95491536458333,30.0769805908203,back
0.0777607902151639,0.720226850665984,0.738141169313525,-3.35540771484375,-10.7208251953125,9.60693359375,-5.01022338867188,-3.38134765625,6.09512329101562,back
0.0856600674715909,0.719273792613636,0.737242542613636,-3.39508056640625,4.61284930889423,1.18255615234375,-3.79298283503606,-1.73715444711538,3.48017765925481,back
0.0720321922971491,0.729335851836623,0.731612356085526,-4.48469682173295,-1.06048583984375,4.61370294744318,-4.4035478071733,-1.60910866477273,3.6836103959517,back
0.0634577824519231,0.738260591947115,0.7269775390625,-3.17806667751736,-0.819736056857639,4.13682725694444,-1.98618570963542,0.918070475260417,4.302978515625,back
0.0668206465871711,0.733941329152961,0.718926680715461,-4.63045560396635,-1.54583270733173,3.90390249399038,-4.05120849609375,-1.36272723858173,3.94674447866587,back
0.0611316311743952,0.737117644279234,0.727917086693548,-4.49848175048828,-1.38473510742188,3.86142730712891,-4.486083984375,-0.303268432617188,4.71305847167969,back
0.016729736328125,0.20408935546875,0.706156921386719,-6.58416748046875,-13.2606506347656,1.86538696289062,-4.37399057241586,-1.31636399489183,4.56648606520433,back
0.43442817583476,-0.370670684396404,0.678003598565925,-134.274959564209,134.668827056885,-109.844207763672,-156.083106994629,-37.635326385498,-90.8317565917969,right
0.907340601870888,-0.232609799033717,0.389226009971217,67.5827026367188,-204.470825195312,-37.9892985026042,61.1572265625,-108.854675292969,-17.0328776041667,right
0.883159930889423,-0.255075307992788,0.42169189453125,-5.08594512939453,29.8643112182617,5.4631233215332,-4.93240356445312,-12.1536254882812,7.91549682617188,right
0.893446180555556,-0.249373619002525,0.407253689236111,-4.43683971058239,-7.57598876953125,1.65765935724432,-2.44331359863281,-4.8828125,3.53908538818359,right
0.886190759130271,-0.258512565888554,0.412743258189006,-2.72789001464844,0.490951538085938,4.7210693359375,-2.77290344238281,-1.30577087402344,3.61900329589844,right
0.891291568153783,-0.252838134765625,0.407324539987664,-3.31025965073529,4.08576516544118,7.15053782743566,-2.22598805147059,-1.99710621553309,5.30871223000919,right
0.906641251001603,-0.26834967197516,0.417391263521635,-4.09698486328125,-0.844001770019531,4.29248809814453,-3.46565246582031,-0.905036926269531,4.13131713867188,right
0.126898629324777,-0.238974434988839,0.71995108468192,-0.67901611328125,79.1337149483817,13.8609749930246,-2.77996063232422,4.05597686767578,5.72872161865234,right
-0.0346034787735849,0.738509268130896,0.69982219192217,35.7786814371745,108.509699503581,130.095799763997,-13.8022104899089,138.629277547201,119.873682657878,back
-0.0613868350074405,0.840395972842262,0.593537830171131,32.0476185191761,-81.6532481800426,84.1251720081676,17.9595947265625,-27.4554165926847,39.0784523703835,back
-0.0590406848538306,0.835352743825605,0.602568595640121,-5.2947998046875,15.3588189019097,-0.214470757378472,-8.83144802517361,-2.59738498263889,8.18634033203125,back
-0.12206046811996,-0.0179069272933468,0.733995006930444,-9.06965467664931,-4.60222032335069,3.84351942274306,-3.2812265249399,-1.49653508112981,6.54954176682692,back
-0.0585594177246094,-0.886808395385742,0.549448013305664,-142.082214355469,75.0403771033654,-10.650634765625,-135.141812838041,-35.6879601111779,11.846689077524,right
-0.0283474392361111,-0.804132908950617,0.623486930941358,-33.4208561823918,186.558063213642,-10.4158841646635,-59.2545729417067,-12.4552800105168,-31.0745239257812,right
-0.0284637451171875,-0.80147705078125,0.627397155761719,-7.09152221679688,-10.5719566345215,9.87529754638672,-3.70502471923828,-1.6632080078125,5.30385971069336,right
-0.0811416163589015,-0.821536902225379,0.664837461529356,-5.78936408547794,4.51570398667279,2.00832591337316,-4.46378267728365,4.35110238882211,3.16209059495192,right
-0.0790020282451923,0.544839242788462,0.737665264423077,38.8679504394531,-91.6551862444196,62.1043613978795,71.3088989257812,32.3562622070312,65.2984619140625,back
0.201155752505896,0.778831625884434,0.651113834021226,125.997690054087,-21.4333167442909,58.1459632286659,127.152663010817,11.0931396484375,63.021733210637,back
0.217294369103774,0.757874686762972,0.670907650353774,-7.0252852006392,5.29341264204545,6.68751109730114,-2.13199191623264,5.62286376953125,7.81758626302083,back
0.214622946346507,0.763090245863971,0.670340145335478,-4.29881702769886,-2.89362127130682,7.75978781960227,-3.21891091086648,2.21460515802557,5.05204634232955,back
0.218739476697198,0.761331492456897,0.670206004175647,-4.33131626674107,-0.955854143415179,3.88390677315848,-3.40924944196429,-1.82887486049107,3.65447998046875,back
0.215340279244088,0.765699231946791,0.667295713682432,-3.78036499023438,-1.38982137044271,4.1802724202474,-4.04739379882812,0.0152587890625,4.39580281575521,back
0.0957443053463855,0.741137401167169,0.662146143166416,-6.92476545061384,-1.5700204031808,3.89317103794643,-3.96219889322917,-0.873311360677083,3.875732421875,back
-0.0530708931587838,-0.67199047191723,0.625374458931588,-128.443908691406,86.6277058919271,-99.3052164713542,-68.6748729032629,98.9514519186581,-61.6535859949449,right
0.538209635416667,-0.656263020833333,0.573030598958333,-85.5860392252604,27.7399698893229,-112.901306152344,-60.6633504231771,-87.6241048177083,-66.3014729817708,right
0.528327409611192,-0.654538176780523,0.575808502906977,10.7350667317708,-14.8824055989583,13.446044921875,1.14186604817708,-20.7539876302083,-12.6480102539062,right
0.539124327820617,-0.650714032061688,0.564971527495942,-9.36677720811632,14.1283671061198,9.67703925238715,-6.53033786349826,0.463273790147569,5.24944729275174,right
0.542283887987013,-0.645999264407468,0.563413149350649,-4.31108474731445,-2.02322006225586,3.57627868652344,-2.07754281850962,2.49950702373798,5.23845966045673,right
0.441429501488095,-0.678759378100198,0.624645414806548,-3.27730178833008,-4.38213348388672,1.23834609985352,-3.00168991088867,-1.26409530639648,2.87771224975586,right
0.0340955010775862,0.4600830078125,0.795206004175647,67.4708973277699,81.3980102539062,68.8421075994318,45.0216440054087,67.8440974308894,39.4439697265625,back
0.388589937392979,0.673791336686644,0.686112077268836,117.653528849284,-45.0998942057292,81.7591349283854,85.2521260579427,31.5513610839844,87.9726409912109,back
0.418876647949219,0.663638305664062,0.678511047363281,-2.34375,-6.33036295572917,10.6430053710938,-1.9689706655649,-4.34464674729567,5.72498028094952,back
0.429281134354441,0.65926802785773,0.672833894428454,-3.23057174682617,-3.67116928100586,5.6452751159668,-1.11818313598633,1.6484260559082,7.34186172485352,back
0.162686786954365,0.55254642547123,0.68452380952381,-4.0593147277832,-1.32036209106445,3.85951995849609,-4.22859191894531,-0.290393829345703,4.19425964355469,back
-0.158754949700342,-0.875750816031678,0.517887481271404,-112.263019268329,161.186805138221,-101.785513070913,-106.027776544744,70.9166093306108,-118.24521151456,right
-0.0431560359589041,-0.908574352525685,0.440262467893836,-79.0639241536458,-34.0916951497396,-69.6126302083333,-48.5824584960938,-101.928202311198,-9.62168375651042,right
-0.0347107726258117,-0.914579317167208,0.474419135551948,9.75799560546875,-1.57216389973958,2.74759928385417,0.74920654296875,-0.00457763671875,10.0407918294271,right
0.298233835320724,-0.541352924547697,0.791558516652961,20.5758901742788,-128.157982459435,-3.67208627554087,18.6138153076172,8.10909271240234,-11.6367340087891,right
0.31038675679789,-0.525649033583604,0.847042727780032,37.9118919372559,166.81957244873,-134.310722351074,31.6448211669922,121.757984161377,-145.812034606934,right
-0.00884783709490741,-0.591845100308642,0.756655092592593,-20.5283164978027,1.953125,-1.22356414794922,-5.45384333683894,5.39750319260817,7.78315617487981,right
-0.336137251420455,0.646174443232549,0.601242263595779,-40.8275828642004,41.1686616785386,141.913470099954,-52.9143389533548,33.1600413602941,90.447369743796,back
-0.153721963205645,0.756692209551411,0.693168394027218,42.3669815063477,-35.6931686401367,168.36404800415,50.0950813293457,-74.0804672241211,108.078002929688,back
0.233168381911058,0.724358191856971,0.690948486328125,-8.88824462890625,-61.175537109375,26.1894226074219,-6.35587252103365,4.45908766526442,9.27558312049279,back
0.166049299568966,0.760405441810345,0.713101091056034,-5.22960316051136,-89.3499200994318,29.6089865944602,6.378173828125,48.157431862571,7.14319402521307,back
-0.0294490448416096,0.179623956549658,0.863244461686644,-11.7782592773438,5.328369140625,-7.806396484375,-3.88908386230469,1.94295247395833,2.8839111328125,back
0.233770908453526,-0.671615209334936,0.716604379507212,-77.9556274414062,-7.41170247395833,-48.5661824544271,-66.9913658728966,-4.6087411733774,-50.8833665114183,right
0.210330492829623,-0.680712556185788,0.679184168985445,-41.656494140625,76.0493278503418,-69.7941780090332,-24.9152183532715,-71.8421936035156,-65.4845237731934,right
0.23408203125,-0.657460021972656,0.747225952148437,-13.5635375976562,70.4600016276042,12.5798543294271,-2.96630859375,54.6030680338542,37.0330810546875,right
0.421615809610445,-0.633983037243151,0.683098779965753,-34.0266227722168,-15.995979309082,29.6902656555176,30.9610366821289,4.8518180847168,14.5363807678223,right
0.282109127768987,-0.674878856803797,0.711926424050633,-11.4522298177083,-32.9269409179688,-23.4018961588542,-0.6256103515625,29.5832316080729,23.18115234375,right
0.3486328125,-0.643850666202911,0.712532775042808,-7.22789764404297,4.96006011962891,9.99784469604492,-8.81719589233398,-6.98232650756836,4.22477722167969,right
0.368700529399671,-0.637749922902961,0.706274735300164,-10.2554321289062,-3.78468831380208,1.7303466796875,-1.82139078776042,-1.41347249348958,3.68448893229167,right
0.374528672960069,-0.640665690104167,0.701361762152778,-2.75014241536458,-3.57818603515625,3.997802734375,-4.22515869140625,0.506591796875,5.50028483072917,right
0.387669418797349,-0.632583155776515,0.698619495738636,-3.78824869791667,-2.13775634765625,3.26690673828125,-3.66923014322917,-0.95062255859375,4.03340657552083,right
0.497187687800481,-0.63132574619391,0.64980218349359,-12.1528625488281,3.15704345703125,-10.2836608886719,-7.70459856305804,-2.90352957589286,-2.0005362374442,right
0.00846244193412162,-0.768473857157939,0.626849200274493,-2.35337477463942,66.1351130558894,43.2651226337139,-11.5694999694824,-10.0202560424805,-9.34267044067383,right
0.142740370352057,-0.733515872231013,0.703591648536392,-11.6597493489583,33.8617960611979,54.9112955729167,-22.6974487304688,22.9212443033854,34.1156005859375,right
0.169545348261444,-0.376079720510563,0.895139882262324,48.1294904436384,51.5670776367188,24.6598379952567,47.8940010070801,-17.0526504516602,4.98771667480469,right
0.19088242929193,-0.345401812203323,0.95823495599288,-20.4778035481771,-48.5951741536458,25.3667195638021,-14.1340891520182,74.7540791829427,5.20515441894531,right
0.265651605068109,-0.217136480869391,0.958214393028846,5.31911849975586,33.2307815551758,-47.8925704956055,-12.8612518310547,21.5544700622559,11.4970207214355,right
0.505721803695437,-0.283177935887897,0.883363754030258,-44.1464015415737,6.97599138532366,-114.799499511719,-10.3378295898438,21.1801528930664,-64.0778541564941,stomach
0.3029345703125,-0.0485188802083333,0.972569173177083,-36.3006591796875,-16.9302133413462,-101.537851186899,26.6406719501202,-40.1259202223558,-9.51444185697115,stomach
0.228538411458333,0.00597819010416667,1.01439778645833,-30.4550170898438,93.3644612630208,-76.2741088867188,1.66219075520833,20.7743326822917,-77.1464029947917,stomach
0.443702110877404,-0.0224139873798077,0.782190567407853,0.464375813802083,10.4166666666667,10.1221720377604,-2.12809244791667,3.42763264973958,5.65999348958333,stomach
0.915451049804688,-0.123604222347862,0.28255904348273,100.82483291626,-157.909393310547,148.194789886475,90.7011032104492,-8.15486907958984,126.572132110596,stomach
0.187537624411387,-0.525521056292808,0.731159366973459,-40.8291816711426,82.4284553527832,77.7907371520996,11.1727714538574,-122.782230377197,-12.293815612793,right
0.0161100260416667,-0.54123046875,0.869138997395833,5.126953125,132.264200846354,52.3127237955729,12.4425252278646,43.2861328125,10.0814819335938,right
0.00218110926011029,-0.542749741498162,0.875353644875919,-13.3646647135417,13.1159464518229,8.65834554036458,4.28924560546875,-4.79278564453125,4.31620279947917,right
0.31777861624053,-0.362006909919508,0.874979654947917,-2.01034545898438,8.61140659877232,3.31878662109375,-5.07845197405134,2.36838204520089,5.76073782784598,right
0.462715657552083,-0.0202229817708333,0.933964029947917,31.5982273646763,36.1104692731585,-164.768218994141,2.00162615094866,41.4423261369978,-139.203207833426,stomach
0.386878842213115,-0.0279961257684426,0.963204805968238,-30.0464630126953,-12.2477213541667,-30.2836100260417,-9.80567932128906,20.5389658610026,-13.9287312825521,stomach
0.317084612165179,-0.0423287527901786,0.987543596540179,-2.59282038762019,9.20281043419471,6.9574209359976,-4.25544151893029,2.09867037259615,6.36878380408654,stomach
0.418284795055651,-0.662580934289384,0.712618057041952,1.10462733677455,45.4232352120536,30.3987775530134,-0.728062220982143,14.6168300083705,60.5228969029018,right
0.168295370565878,-0.875092377533784,0.545923181482263,-121.984354654948,-160.5224609375,174.144999186198,1.61844889322917,-141.552225748698,170.22959391276,right
-0.0569303581513554,-0.622180616999247,0.757983104292169,91.1527361188616,-58.6286272321429,77.071053641183,-24.2263793945312,51.0223388671875,92.3970540364583,right
-0.374435645946558,-0.782398168591485,0.559625155683877,-40.802001953125,65.7155354817708,55.4880777994792,-21.5979183421415,-54.0331672219669,-50.7722742417279,back
-0.675575657894737,-0.597667493318257,0.488734195106908,-108.874981219952,-51.0377150315505,184.970562274639,-32.7938624790737,-66.9490269252232,104.849679129464,back
-0.492102372018914,-0.557719983552632,0.60652000025699,-7.72714614868164,-36.3316535949707,-73.1296539306641,8.87823104858398,78.6890983581543,7.62796401977539,back
0.397375106811523,-0.476888656616211,0.82139778137207,55.5953979492188,60.8081817626953,-122.672557830811,55.2325248718262,-55.7255744934082,-72.2594261169434,right
0.527438851289971,-0.015819460846657,0.875132006268169,0.652606670673077,48.7330510066106,-97.6697481595553,35.0294846754808,4.07644418569711,-93.2499812199519,stomach
0.533011568509615,0.00625187800480769,0.886724384014423,-6.16903866038603,35.7544842888327,-14.0659107881434,-7.25016874425551,37.6613841337316,-10.1614559397978,stomach
0.437028672960069,-0.0505761040581597,0.92822265625,-3.44027005709135,-12.1559729942909,7.68749530498798,-4.07703106219952,-4.12515493539664,4.02655968299279,stomach
-0.0965966796875,-0.690099283854167,0.752452799479167,2.00449625651042,61.8937174479167,48.6562093098958,-30.7218111478365,4.97084397536058,55.3483229417067,right
-0.455512324465981,-0.581539878362342,0.700331289556962,-142.815144856771,-42.1218872070312,180.379231770833,-69.4071451822917,-38.9414469401042,100.180053710938,back
-0.425367272418478,-0.542423856431159,0.757633817368659,-18.007755279541,29.9463272094727,-5.65528869628906,8.24451446533203,-27.4324417114258,15.965461730957,back
-0.2427392578125,-0.608797200520833,0.730579427083333,-7.93926532451923,17.9455096905048,-4.52423095703125,6.77272251674107,-17.2511509486607,0.980377197265625,right
0.635503354279891,-0.256018597146739,0.750585583673007,28.3620198567708,16.4479573567708,-81.7474365234375,3.35032145182292,93.9107259114583,-22.5357055664062,right
0.801839728104441,-0.0732389751233553,0.632240696957237,28.9132254464286,-19.3149021693638,-113.663264683315,1.44577026367188,-14.2865862165179,-113.503592354911,stomach
0.749028523763021,-0.0462256537543403,0.69838629828559,-14.0647888183594,63.7292861938477,-21.0633277893066,-41.5539741516113,-25.3567695617676,-11.1966133117676,stomach
0.768693479773116,-0.0409470649614726,0.656584439212329,-5.54911295572917,-7.1875254313151,4.00161743164062,-4.119873046875,-2.52024332682292,4.55881754557292,stomach
0.820264030905331,-0.403718836167279,0.460418701171875,18.7918345133464,65.8461252848307,31.6549936930339,38.6093139648438,10.833740234375,22.37548828125,right
-0.296511840820313,-0.552131652832031,0.707086181640625,84.3887329101562,-65.9893580845424,118.507930210658,68.4841700962612,67.3223223005022,129.423958914621,back
-0.513120908994932,-0.633535024282095,0.536226839632601,46.4253425598145,134.532451629639,120.968818664551,-47.142505645752,-128.485679626465,29.0951728820801,back
-0.213460286458333,-0.61962890625,0.675669794497283,-61.9145711263021,52.3117065429688,46.3165283203125,22.2427368164062,117.140197753906,9.23817952473958,right
0.519464983258929,-0.283977399553571,0.806063406808036,78.5996573311942,-16.4833068847656,-115.421295166016,4.48172433035714,24.9824523925781,-136.2669808524,stomach
0.679399278428819,-0.0510796440972222,0.773217095269097,58.7550571986607,-25.2625601632254,13.2473536900112,-4.27682059151786,-43.7164306640625,-20.8832877022879,stomach
0.753554124098558,-0.0273343599759615,0.698465983072917,-18.8257853190104,32.1477254231771,-13.9821370442708,-16.8996175130208,9.30379231770833,-21.5789794921875,stomach
0.76834608633307,-0.0339911738528481,0.672945819323576,-4.08717564174107,-1.15367344447545,4.40161568777902,-3.29256057739258,-0.854015350341797,4.30679321289062,stomach
0.568660736083984,-0.177053451538086,0.774311065673828,7.89082845052083,-21.9090779622396,3.8482666015625,-2.98261642456055,-19.676685333252,8.92734527587891,stomach
-0.160214155148237,-0.667081392728365,0.682161771334135,-50.9144709660457,94.4395798903245,71.0026667668269,-89.2416636149089,-0.460306803385417,56.6857655843099,right
-0.237076196915064,-0.650133964342949,0.750713641826923,-95.4380035400391,-29.6778678894043,100.056648254395,-38.7868881225586,-58.6562156677246,111.875057220459,back
-0.0951334635416667,-0.639004794034091,0.760805072206439,0.631332397460938,-46.0610389709473,22.2840309143066,-7.84015655517578,20.991325378418,0.0543594360351562,right
0.568826497395833,-0.289646809895833,0.775431315104167,41.4955139160156,100.116729736328,-141.033935546875,-13.9650617327009,76.1359078543527,-76.5773228236607,stomach
0.411457734949449,0.00769581514246324,0.93670654296875,26.7923990885417,44.2911783854167,-142.021179199219,37.8351847330729,-64.3361409505208,-12.7039591471354,stomach
0.392709040987319,0.0179867951766304,0.963592971580616,-28.6342075892857,29.6342032296317,-53.2346452985491,-12.7672467912946,61.6542271205357,-21.7405046735491,stomach
0.475880808644481,0.00628582842938312,0.921854390726461,-3.58799525669643,-2.46483939034598,4.91115025111607,-4.38983623798077,-2.18083308293269,3.60107421875,stomach
0.187216938405797,-0.530966938405797,0.67476222826087,32.1588516235352,-27.8544425964355,62.0541572570801,39.7497323843149,-11.1553485576923,66.2014301006611,right
-0.342323786095728,-0.687920292721519,0.621608299545095,-89.5129612513951,94.1625322614397,65.7359531947545,-49.7965131487165,16.2408011300223,160.205296107701,right
-0.388691227610518,-0.691291622999238,0.572496367663872,56.4651489257812,-55.0198554992676,10.5772018432617,-33.0548286437988,38.6981964111328,24.1613388061523,back
-0.435639210236378,-0.733944623898237,0.541187775440705,37.0869356043199,42.9893942440257,13.6875825769761,-34.2299517463235,13.6543722713695,3.10471478630515,back
-0.281099393770292,-0.666538783482143,0.654032125101461,-3.68881225585938,-0.745296478271484,4.28438186645508,-2.64249529157366,-1.42506190708705,4.18526785714286,back
0.390937129153481,-0.364692011965981,0.83865858633307,26.4449119567871,-36.4642143249512,-29.4489860534668,26.7653465270996,-35.6011390686035,-29.700756072998,right
0.624575857388771,-0.005615234375,0.815164856991525,29.2320251464844,-86.4124298095703,-39.7148132324219,6.3629150390625,39.4268035888672,-108.217239379883,stomach
0.795621004971591,-0.0145707563920455,0.648143421519886,-18.2272593180339,48.8656361897786,-24.5711008707682,-26.9031524658203,-45.3236897786458,-13.7494405110677,stomach
0.629708658854167,-0.01646484375,0.780398763020833,-4.87518310546875,-1.88869900173611,3.60531277126736,-4.45556640625,-3.33786010742188,2.21347808837891,stomach
0.145936565634645,-0.628235616801697,0.702663845486111,46.3470458984375,-8.50880940755208,101.5380859375,18.8741048177083,58.0495198567708,52.1672566731771,right
-0.545574481670673,-0.561307466947115,0.527227939703526,-79.0553092956543,17.725944519043,154.531002044678,-41.4204597473145,63.6272430419922,82.3063850402832,back
-0.512007279829545,-0.73924512987013,0.453144023944805,-24.9576568603516,-14.009952545166,-47.7204322814941,-4.92048263549805,9.86194610595703,60.9683990478516,back
-0.186224365234375,-0.624111938476563,0.651251220703125,-17.0221328735352,7.8272819519043,6.05106353759766,-6.00719451904297,9.35840606689453,7.44819641113281,right
0.545166015625,-0.243983438570205,0.806292808219178,21.7013359069824,2.01702117919922,-124.628067016602,23.5867500305176,-39.2675399780273,-78.8354873657227,stomach
0.392911044034091,-0.0553144975142045,0.970609722715436,5.79986572265625,-9.67661539713542,-102.032470703125,-2.6031494140625,-46.0225423177083,-30.5165608723958,stomach
0.364255418964461,0.0263288909313725,0.96820188036152,-46.3022085336538,145.413325383113,-69.4691584660457,-4.1955801156851,61.4430354191707,-105.213458721454,stomach
0.34290241745283,-0.0668530734080189,0.896875921285377,-4.14345481178977,-6.36430220170455,8.70375199751421,0.546542080965909,-0.743519176136364,7.87422873757102,stomach
0.273743511879281,-0.599878598565925,0.462153186536815,65.8153957790799,-207.867940266927,108.495076497396,-9.74065607244318,-103.14247824929,66.681601784446,right
-0.479298127003205,-0.689899151141827,0.527659880809295,-11.71875,144.915771484375,176.151021321615,110.208638509115,-52.7903238932292,153.100077311198,back
-0.487599558644481,-0.704488382711039,0.535268808340097,-35.151481628418,-117.345333099365,20.4486846923828,-12.1760368347168,57.218074798584,40.825366973877,back
-0.507734680175781,-0.720591735839844,0.475688171386719,-8.24673970540365,7.16781616210938,1.57356262207031,-7.0652961730957,3.12423706054688,2.23493576049805,back
0.0542895824878247,-0.706102247362013,0.639489904626623,-0.834538386418269,-9.17346660907452,-17.0828012319712,-8.27430276309743,5.83424287683824,2.19906077665441,right
0.593618977864583,-0.0702018229166667,0.830343424479167,52.243709564209,88.7694358825684,-147.363185882568,61.4389272836538,-7.32304499699519,-157.177264873798,stomach
0.945943460836039,-0.0231790914163961,0.352585037033279,57.2260538736979,-37.12158203125,-43.07861328125,-13.3176531110491,-110.887254987444,12.0315551757812,stomach
0.751314871651786,-0.0144391741071429,0.614268275669643,-8.95118713378906,-25.0539779663086,4.67920303344727,-5.16748428344727,-29.9072265625,-1.49917602539062,stomach
0.364044189453125,-0.484520321800595,0.52008783249628,1.2528555733817,132.585253034319,6.62449428013393,42.4657549176897,7.89751325334821,80.7418823242188,right
-0.35422268161526,-0.73573045606737,0.573968268060065,77.2458244772518,-152.645784265855,102.758968577665,-2.51994413488051,63.2575539981618,187.354592715993,back
-0.139380516943994,-0.809348366477273,0.608674284699675,13.495922088623,53.2307624816895,-113.45386505127,26.2017250061035,33.8873863220215,-51.8379211425781,back
-0.021368408203125,-0.645175170898437,0.680471801757813,23.8800048828125,-35.1839065551758,13.1111145019531,-18.1360244750977,31.9218635559082,17.0745849609375,right
0.567145013189935,-0.119364156351461,0.823314319957386,78.7982940673828,-20.5426216125488,-107.640743255615,37.8808975219727,-34.0313911437988,-81.4061164855957,stomach
0.605921252020474,-0.00932785560344828,0.834449504983836,55.3169250488281,-57.3534965515137,-56.9329261779785,-40.428638458252,38.8851165771484,-57.9733848571777,stomach
0.624347887541118,-0.0174624794407895,0.821764494243421,1.03632609049479,-39.740244547526,5.56182861328125,-4.68635559082031,-1.69690450032552,3.2189687093099,stomach
0.623103729666096,-0.0152236729452055,0.826544774721747,-4.21571731567383,0.350475311279297,4.36830520629883,-4.27627563476562,0.214099884033203,4.31203842163086,stomach
0.622368915264423,-0.0154954176682692,0.826724008413461,-4.32993570963542,-1.87276204427083,4.65952555338542,-4.06901041666667,-1.0009765625,4.40877278645833,stomach
0.618003627232143,-0.0136823381696429,0.830620465959821,-4.33525672325721,-0.711881197415865,4.55826979417067,-4.17914757361779,-0.241793118990385,4.56765981820914,stomach
0.611239188058036,-0.0150530133928571,0.827389090401786,-3.24249267578125,-2.23471901633523,3.753662109375,-3.50392659505208,1.18560791015625,4.46217854817708,stomach
0.610528971354167,-0.010654296875,0.827508138020833,-4.24139840262277,-0.996180943080357,4.65284075055804,-4.16237967354911,-1.34767804827009,3.88118198939732,stomach
0.613352864583333,-0.0139029947916667,0.8282568359375,-3.80096435546875,-2.20082600911458,4.43827311197917,-4.17429606119792,-1.33870442708333,4.46726481119792,stomach
0.579886988589638,-0.00215550472861842,0.854027999074836,-3.89912923177083,-1.51468912760417,4.59136962890625,-4.24753824869792,-0.674947102864583,4.57102457682292,stomach
0.52346286525974,-0.00828968394886364,0.893142502029221,-2.28357315063477,11.4002227783203,0.729084014892578,-3.67355346679688,6.28232955932617,2.64644622802734,stomach
0.633369847347862,0.0586435418379934,0.938344855057566,8.80784254807692,1.03466327373798,27.7979924128606,2.0599365234375,4.95529174804688,14.7385597229004,stomach
-0.0660107421875,0.293911946614583,-0.4821435546875,85.7060750325521,132.573445638021,-96.2270100911458,-20.9803581237793,-117.426872253418,-104.661464691162,left
-0.412367422369462,0.178687759592563,-0.895187957377373,220.726013183594,-123.917134602865,-26.7125447591146,192.735290527344,-79.82177734375,-64.5685831705729,left
-0.516620454334077,0.164297921316964,-0.819463820684524,-20.7037925720215,64.7540092468262,-28.1853675842285,28.9692878723145,-40.2112007141113,13.7577056884766,left
-0.508433532714844,0.143769836425781,-0.833677673339844,12.5207340016085,-17.7769380457261,-3.8600248448989,-5.29883889590993,1.07394947725184,11.0388363108915,left
-0.539451197574013,0.175347579152961,-0.820852179276316,-3.69548797607422,-1.27124786376953,3.56531143188477,-3.69787216186523,-0.195026397705078,3.73125076293945,left
0.1290869140625,0.364532877604167,-0.177981770833333,-15.7146453857422,23.5716501871745,52.883783976237,-17.4593925476074,-5.94139099121094,9.77993011474609,stomach
0.382045200892857,0.0448922293526786,0.988236781529018,-201.995340983073,169.879659016927,48.8413492838542,-85.3688557942708,153.364562988281,94.76318359375,stomach
0.362944397745253,0.0219695658623418,0.97445176522943,-39.1371590750558,-23.0233328683036,41.7464120047433,20.5225263323103,-43.9987182617188,-14.7884913853237,stomach
0.376701159354968,0.0155686598557692,0.967466696714744,-3.82137298583984,-2.39181518554688,3.36217880249023,-3.38554382324219,-0.680923461914062,3.98540496826172,stomach
0.420278976212687,0.0403050664645522,0.975230658232276,-6.40630722045898,-6.82306289672852,4.94194030761719,-4.01197160993304,-3.87300763811384,5.05992344447545,stomach
-0.126311431059966,0.760989627322635,-0.203969594594595,142.494895241477,-25.0729647549716,-168.485468084162,41.6237967354911,-59.8008292061942,14.0517098563058,left
-0.299724521921642,0.843427515741604,0.314402110541045,141.428629557292,-80.5109659830729,-44.5170084635417,-13.2888793945312,-112.689208984375,-86.4171346028646,left
-0.270682887027138,0.865115517064145,0.189644261410362,-59.4912937709263,-34.97314453125,-2.45012555803571,-0.702597878196023,-40.068192915483,-1.65211070667614,left
-0.526825775971284,0.312232764991554,-0.725305505701013,182.346979777018,83.7306976318359,166.572570800781,-59.1773986816406,115.927219390869,48.9959716796875,left
-0.672420453421677,0.288843082476266,-0.666805219046677,121.269226074219,-113.642374674479,-111.594645182292,-30.6243896484375,-39.5014444986979,-62.48779296875,left
-0.262992037259615,0.473291015625,-0.602888371394231,-4.01926040649414,-0.115871429443359,4.26769256591797,-4.17900085449219,-0.145912170410156,3.09133529663086,stomach
0.692767169024493,0.00469145903716216,0.835023622255068,-192.052401029147,113.00776554988,145.479055551382,-75.6466205303486,102.557842548077,122.110806978666,stomach
0.734663391113281,-0.0415069580078125,0.714901733398438,-111.978658040365,118.505859375,35.4497273763021,-17.7190144856771,-88.4206136067708,23.0168660481771,stomach
0.727569580078125,-0.0466524011948529,0.725910859949448,-4.62818145751953,2.54440307617188,4.26101684570312,-4.08077239990234,-1.14297866821289,4.0287971496582,stomach
0.724102551424051,-0.0475100746637658,0.729714695411392,-3.95856584821429,1.20653424944196,4.02178083147321,-4.0146963936942,1.01634434291295,3.59889439174107,stomach
0.484882463727679,0.414481898716518,0.657911900111607,-4.41640218098958,-2.20235188802083,3.60921223958333,-4.5771598815918,-1.40476226806641,3.69977951049805,stomach
-0.325613839285714,0.294682094029018,-0.869785853794643,121.704646519252,-66.0215105329241,-179.313659667969,79.8922947474888,63.0618504115513,-48.752920968192,left
-0.414934207231571,0.228096203926282,-0.858856983673878,168.023950913373,-68.2732077205882,-28.9593864889706,62.2365614947151,27.0331887637868,-77.5317023782169,left
-0.456107003348214,0.202433268229167,-0.846522739955357,3.85808944702148,1.42478942871094,10.9982490539551,-6.38151168823242,-2.838134765625,5.56755065917969,left
-0.01170654296875,0.509678431919643,-0.519843401227679,-1.45138011259191,3.29096177045037,-29.9758911132812,-4.53090667724609,-0.714778900146484,-21.2893486022949,left
0.363514147306743,0.0626847116570724,0.989127711245888,-123.024531773158,89.4459315708705,133.12748500279,-89.7854396275112,101.580483572824,55.1283700125558,stomach
0.191890593497984,0.0284601026965726,1.02449675529234,-142.533779144287,104.53987121582,91.2065505981445,-23.6387252807617,28.7699699401855,11.1684799194336,stomach
0.203077697753906,0.031109619140625,1.01996612548828,-4.73726712740385,-7.39757831280048,6.59003624549279,-6.76903357872596,7.904052734375,-3.27301025390625,stomach
0.202981296973892,0.0307957130142405,1.01930101611946,-4.1814950796274,-1.04522705078125,4.21905517578125,-3.75949635225184,-1.56582103056066,3.82457059972426,stomach
0.215712697882401,0.0342616031044408,1.02924387078536,-4.01713053385417,-1.54673258463542,3.70941162109375,-3.70550155639648,-0.710487365722656,3.97682189941406,stomach
0.374082154865506,0.276340919204905,0.853745858880538,11.6233825683594,-14.0775044759115,-0.317255655924479,-4.09030914306641,-1.24645233154297,4.15229797363281,stomach
0.0195737092391304,0.797594153362772,-0.000280407891757247,170.908610026042,-118.683369954427,-111.429850260417,122.673511505127,-54.7699928283691,-68.8924789428711,left
-0.267075892857143,0.953573172433036,0.244489397321429,182.985578264509,-175.173623221261,-80.4465157645089,-102.298191615513,-144.759586879185,89.4066946847098,left
-0.305291591546474,0.918690216846955,0.256036220452724,23.2587541852679,22.1312386648996,4.19507707868304,14.145987374442,23.3633858816964,-6.74928937639509,left
0.754598999023438,0.408758544921875,0.3150634765625,2.64413016183036,179.166521344866,164.700099400112,-40.3847694396973,143.208980560303,44.9752807617188,stomach
0.563521264304577,-0.0417686784771127,0.817714637433979,-104.2160987854,149.839401245117,115.472316741943,-96.339225769043,27.1868705749512,85.6280326843262,stomach
0.606949869791667,-0.0459423828125,0.835870768229167,-13.2146199544271,12.6653035481771,4.376220703125,-3.92557779947917,-21.9599405924479,1.38448079427083,stomach
0.584072015224359,-0.0444914988982372,0.853888095953526,-3.7841796875,3.131103515625,3.55885823567708,-4.296875,0.635274251302083,4.37215169270833,stomach
0.380378381529851,0.491799425722948,0.331020070545709,-4.22048568725586,1.24645233154297,4.08601760864258,-3.72028350830078,-1.39045715332031,4.30154800415039,stomach
-0.208457633240582,0.68269828900899,-0.0170982047303082,131.868089948382,21.8887329101562,-123.049599783761,112.239837646484,-75.25634765625,-47.8777204241071,left
-0.300210135323661,-0.144894554501488,-1.01606605166481,148.155848185221,179.560343424479,-215.027491251628,109.174601236979,172.626241048177,28.0019124348958,left
-0.189808654785156,-0.0376113891601563,-0.967616271972656,-32.2148940142463,91.8502807617188,-112.424513872932,28.5473991842831,9.47929831112132,23.6847821403952,left
-0.168588256835938,-0.0384628295898437,-0.96832275390625,5.12170791625977,6.44111633300781,4.80842590332031,-4.02355194091797,4.58860397338867,4.5619010925293,left
-0.187881469726562,0.132411193847656,-0.97674560546875,-4.12926307091346,1.2823251577524,4.1803213266226,-3.62800149356618,-0.367557301240809,4.20110365923713,left
0.564153671264648,0.181352615356445,0.181806564331055,-62.1576309204102,-89.8547172546387,45.3214645385742,-51.9561767578125,17.8351402282715,10.5304718017578,stomach
0.770942192573052,-0.0242079697646104,0.68361911525974,-198.231623722957,123.394305889423,244.42878136268,-67.9080669696514,-88.0367572490986,179.107666015625,stomach
0.71836372270976,-0.0159878665453767,0.736363241117295,2.98595428466797,35.865306854248,15.4681205749512,0.401496887207031,16.779899597168,3.47805023193359,stomach
0.710389019691781,-0.0161534139554795,0.746700757170377,-3.2196044921875,1.57623291015625,4.35791015625,-4.26025390625,0.2593994140625,4.51914469401042,stomach
0.733169320913462,-0.00517014723557692,0.772430889423077,-4.17022705078125,0.214640299479167,4.52677408854167,-3.81724039713542,-0.608444213867188,4.44793701171875,stomach
0.00579602205300633,0.786696035650712,0.0210579015031646,89.9993896484375,-39.8391723632812,-21.3462829589844,9.16235787527902,-2.11116245814732,-7.6141357421875,left
-0.605288856907895,0.135933323910362,-0.82638228567023,76.8837928771973,-60.3146553039551,-105.978965759277,102.432727813721,-10.615348815918,-121.299266815186,left
-0.692286361882716,0.127586082175926,-0.687551239390432,65.9689903259277,90.4364585876465,-158.581256866455,-1.37519836425781,-57.8808784484863,9.20438766479492,left
-0.71617792693662,0.127011581205986,-0.673571949273768,-5.78667135799632,-13.3469525505515,9.46448830997243,-8.04407456341912,12.6490873448989,6.89831901999081,left
-0.668234688895089,0.263756161644345,-0.687581380208333,-3.93575032552083,1.75272623697917,5.66304524739583,-4.22460382634943,1.00638649680398,3.84313409978693,left
0.413795107886905,0.45331294952877,0.202888609871032,-45.7549095153809,66.3185119628906,89.8041725158691,-28.6833819221048,-0.20599365234375,74.9453376321232,stomach
0.688468686995968,0.000303206905241935,0.78400150422127,-75.8179884690505,148.112957294171,120.189373309796,-144.437349759615,51.0741013746995,62.0539738581731,stomach
0.687101745605469,-0.00330352783203125,0.764517211914063,-4.69559889573317,-33.0164982722356,15.8791175255409,-16.079829289363,-15.5627910907452,-2.93555626502404,stomach
0.674881184895833,0.000838216145833333,0.782109375,-1.90510469324449,10.765973259421,0.483344582950368,-2.86416446461397,1.80726892807904,3.37039723115809,stomach
0.592431640625,0.36427734375,0.618525390625,-4.03035481770833,-1.52079264322917,4.53745524088542,-4.10359700520833,-1.11745198567708,4.10207112630208,stomach
-0.410850524902344,0.522590637207031,-0.530966186523438,88.1398518880208,-72.0769246419271,-69.3929036458333,45.6029256184896,-14.6575927734375,-143.099975585938,left
-0.820228105709877,0.190205138406636,-0.518354251060957,54.114818572998,38.8574600219727,-160.047054290771,109.021663665771,-43.7569618225098,-73.5874176025391,left
-0.836000795717593,0.205126350308642,-0.484768337673611,-1.59140194163603,-46.6277178596048,28.4531537224265,10.0824692670037,-7.93726303998162,10.5909459731158,left
-0.829241071428571,0.212660752333604,-0.500519987824675,-4.17089462280273,0.692367553710938,4.15658950805664,-4.5475959777832,-0.324726104736328,3.15284729003906,left
-0.512599847255609,0.574171799879808,-0.421341333633814,-6.1798095703125,1.20878219604492,6.85977935791016,-5.2189826965332,4.19187545776367,4.2262077331543,left
0.759179009331597,0.152467515733507,0.545413547092014,-49.9087742396763,89.7440229143415,97.4971226283482,-24.383544921875,87.918758392334,88.721752166748,stomach
0.684987253956981,-0.0770596590909091,0.76511135349026,-103.763326009115,90.0868733723958,136.56260172526,-103.276062011719,62.8397623697917,114.533996582031,stomach
0.672689858969156,-0.073825588474026,0.775623668323864,-2.51102447509766,14.9493217468262,4.30107116699219,-4.11635178786058,-1.19429368239183,4.06177227313702,stomach
0.541700846354167,0.248487955729167,0.705159505208333,-4.10604476928711,1.31368637084961,4.44316864013672,-3.79610061645508,0.6561279296875,4.18567657470703,stomach
0.506343718497984,0.553951140372984,-0.195747621597782,50.3952026367188,34.3704223632812,-162.443033854167,-27.0253499348958,6.42191569010417,-195.451863606771,left
0.924314145688657,-0.0261027018229167,0.269271285445602,-77.2041907677284,-3.53651780348558,167.623666616587,9.19518103966346,-76.2698833759014,145.490206204928,left
1.04311757544949,-0.0101585910744863,-0.0569399480950342,28.7742614746094,-133.589935302734,54.5989990234375,-78.3642855557528,-67.9675015536222,-38.0373868075284,left
0.995213826497396,-0.0149858262803819,-0.0591193305121528,12.7100626627604,-51.08642578125,6.40309651692708,-3.16619873046875,-19.9055989583333,2.23286946614583,left
0.994560895647321,-0.0146728515625,-0.0616716657366071,-3.06294759114583,-3.53597005208333,4.107666015625,-3.25571695963542,-1.37125651041667,4.53898111979167,left
0.994106820913462,-0.0150484525240385,-0.0657527043269231,-3.38799612862723,-2.1345955984933,4.59616524832589,-3.89317103794643,-1.04631696428571,4.669189453125,left
0.984547236194349,0.0313402985873288,-0.0763959492722603,-3.73957707331731,4.8223642202524,4.34288611778846,-4.14393498347356,-1.75710824819712,4.65686504657452,left
0.97374584056713,0.108390902295525,0.1551513671875,53.4450824444111,-13.1882887620192,-45.3121478740986,10.6592814127604,-4.01713053385417,-15.3905232747396,stomach
0.752781918174342,-0.0282657020970395,0.74546974583676,22.1530689912684,139.24363080193,-1.26558191636029,92.3031077665441,57.5893626493566,6.57519172219669,stomach
0.727270829050164,-0.030914306640625,0.724439119037829,-36.1895561218262,-50.1317977905273,-15.4428482055664,-8.4385871887207,-59.7357749938965,25.7811546325684,stomach
0.478434794657939,0.202070081556166,0.752669050886824,-3.09085845947266,3.95870208740234,3.20959091186523,-2.78615951538086,2.15387344360352,4.09555435180664,stomach
0.216379266036184,0.633502090186403,0.414568984717654,53.4159342447917,131.642150878906,-118.315633138021,97.7636064801897,-55.5828639439174,-71.1261204310826,left
1.01792689732143,-0.0160808952487245,0.0995969188456633,-41.7645772298177,-113.145192464193,162.860870361328,-0.281016031901042,-186.148325602214,121.806462605794,left
0.96573629007711,-0.0239115132913961,-0.285704773741883,25.0218709309896,-113.566080729167,25.9831746419271,-5.04913330078125,-45.5001831054688,44.1398620605469,left
0.944357096354167,-0.01693359375,-0.289129231770833,4.45318222045898,-81.2559127807617,5.19466400146484,-4.91666793823242,-5.30862808227539,2.58159637451172,left
0.947790848581414,-0.0175668816817434,-0.286272550884046,-3.4576416015625,-3.08736165364583,4.17022705078125,-4.11224365234375,-1.14847819010417,4.59187825520833,left
0.944811369243421,-0.0167091771175987,-0.29294144479852,-4.42028045654297,-1.60026550292969,4.61483001708984,-4.24480438232422,-1.15966796875,4.60338592529297,left
0.738511439732143,0.41998291015625,-0.105003138950893,-3.76176834106445,-0.6256103515625,4.54521179199219,-3.96728515625,-0.152587890625,4.55951690673828,left
0.658175223214286,0.221290806361607,0.490208217075893,65.1435852050781,95.8142961774554,-139.383588518415,101.546696254185,55.9474400111607,-83.4595816476004,stomach
0.87643111379523,0.0210940712376645,0.529107344777961,-178.668975830078,179.847717285156,66.1615644182478,12.4250139508929,36.8194580078125,104.833330426897,stomach
0.850129869249132,0.0153096516927083,0.565082126193576,-9.19198989868164,-13.3728981018066,6.19173049926758,-2.64453887939453,4.23002243041992,2.23827362060547,stomach
0.818779839409722,0.0464002821180556,0.606653284143518,-4.10003662109375,-0.806681315104167,4.40521240234375,-3.7872314453125,1.54266357421875,3.43729654947917,stomach
0.576230401862158,0.298363254494863,0.691086860552226,13.8437607709099,7.30581844554228,5.54746740004596,-9.82800651999081,-5.68659165326287,1.24673282398897,stomach
0.201100942250845,0.833260201119088,0.246196025126689,85.8342488606771,30.3115844726562,-113.294474283854,108.275780310998,-14.2710759089543,-106.396014873798,left
1.02793342836442,0.157015892767137,0.100660754788306,-32.5632731119792,-128.68906656901,121.622212727865,-71.612548828125,-58.3277384440104,127.069091796875,left
0.996345520019531,-0.0183048248291016,-0.0556964874267578,-1.20368370643029,75.4435612605168,97.5799560546875,-10.5684720552885,-21.6469397911659,80.87158203125,left
0.985300164473684,-0.0162417763157895,-0.116082442434211,2.16792179987981,-46.08154296875,7.1258544921875,-4.17621319110577,-11.6043090820312,4.58937424879808,left
0.983556613116197,-0.0120729258362676,-0.114149496588908,-2.91776657104492,-2.44855880737305,4.54092025756836,-3.89920748197115,-0.866816594050481,4.61754432091346,left
0.982829432333669,-0.0151623141381048,-0.111828219506048,-3.98050944010417,-0.652567545572917,4.60255940755208,-3.92913818359375,0.113747336647727,4.54295765269886,left
0.98326633401113,-0.0130581790453767,-0.11123615421661,-3.91211876502404,-2.15501051682692,4.48080209585336,-3.87455866887019,-1.08161339393029,4.59172175480769,left
0.988960373569542,0.0789846500880282,-0.159035266285211,-3.96982828776042,-1.67032877604167,4.62595621744792,-3.76180013020833,-1.1383056640625,4.60205078125,left
0.932099994860197,0.310567755448191,-0.105320980674342,20.4299926757812,-21.4462280273438,-31.6767374674479,-43.8211614435369,13.306357643821,6.15484064275568,left
0.62328866811899,0.506244365985577,0.177544227013221,-12.5880241394043,-24.0201950073242,34.9116325378418,-63.4050369262695,-1.21402740478516,-0.680446624755859,back
0.270592322716346,0.632066932091346,0.746965144230769,-163.406372070312,5.77735900878906,-93.5459136962891,-100.34873268821,-45.744462446733,-115.257956764915,back
0.3805517578125,0.646834309895833,0.721878255208333,28.2804048978365,-121.35021503155,70.6071120042067,-41.1359346829928,12.1682974008413,-13.3960430438702,back
0.383564668543199,0.635532154756434,0.723970301011029,-22.1333821614583,-18.6538696289062,17.4184163411458,9.78037516276042,24.4115193684896,-10.3561401367188,back
0.37584033910779,0.651031051856884,0.72805564990942,-4.51024373372396,-0.974019368489583,3.83122762044271,-1.91824776785714,0.243595668247768,2.85666329520089,back
0.0761753627232143,0.756696428571429,0.1673828125,18.9191378079928,2.26358266977163,-0.688406137319712,5.92912946428571,10.2021353585379,1.57546997070312,back
-0.186724312697785,0.22267324713212,-0.948755191851266,108.608245849609,117.925916399275,-75.1898629324777,85.3004455566406,91.8906075613839,-93.0873325892857,left
-0.704539113230519,0.185364562195617,-0.686320515422078,81.5792083740234,100.071907043457,-70.1899528503418,-65.8984184265137,-107.185363769531,1.953125,left
-0.695924340224848,0.200874142530488,-0.673018292682927,9.4914436340332,-2.73942947387695,-14.2006874084473,5.10597229003906,4.73117828369141,8.44001770019531,left
-0.713187769839638,0.276378430818257,-0.673039486533717,-5.42808981502757,-1.10940372242647,3.82546817555147,-3.90445484834559,-1.23775706571691,3.41796875,left
-0.415381180612664,0.784757915296053,-0.0453137849506579,-17.3060099283854,-40.2450561523438,63.8383229573568,-23.0808258056641,-5.49030303955078,12.9246711730957,back
0.360503165952621,0.631822155367944,0.740523799773185,-54.9788475036621,-40.194034576416,69.0388679504395,-59.5307350158691,-61.4848136901855,40.3828620910645,back
0.406884765625,0.557938058035714,0.765935407366071,-46.5175922100361,-62.1349628155048,68.1076049804688,8.92521784855769,-70.5267099233774,37.9937978891226,back
0.4467822265625,0.556512044270833,0.755187174479167,-4.44739205496652,15.1372637067522,2.46538434709821,-4.42940848214286,0.492095947265625,3.62287248883929,back
0.270848233934859,0.600223165162852,0.80012275803257,2.45564778645833,-21.7722574869792,3.55580647786458,7.7667236328125,1.01826985677083,-1.73187255859375,back
0.732243290653935,0.264607747395833,0.530393247251157,-25.8747447620739,-67.4091685901989,40.4309359463778,-6.71539306640625,-65.8782958984375,28.2129923502604,back
0.262994581653226,-0.0249200636340726,1.01389435798891,-81.6864013671875,133.045959472656,-57.3448181152344,-84.6231633966619,67.1546242453835,-33.265547318892,right
0.00666155133928571,-0.0891414493709416,1.03243899655032,-4.43678635817308,34.6110417292668,29.0562556340144,-17.1855046198918,35.8822162334736,4.01540902944711,right
-0.00616709391276042,-0.0981038411458333,1.03896331787109,-13.6075019836426,17.6458358764648,26.3652801513672,-6.34193420410156,7.83729553222656,13.7424468994141,right
