0.0904342467526355,0.64152287862387,-0.815387036426958,0,0,0,0,0,0,stand
0.927790832519531,0.447859191894531,-0.127897644042969,-24.9952428481158,10.1506850298713,15.9817863913143,29.5634550206801,1.58915800206801,-4.78452794692096,stand
0.935732186558735,0.363862187029367,-0.0274055205195783,-1.97267532348633,10.5428695678711,13.4806632995605,-2.07805633544922,-4.12893295288086,-4.41217422485352,stand
0.941695601851852,0.435727719907407,-0.0120578342013889,-4.425048828125,0.193427590762868,1.70090619255515,-1.90016802619485,-0.419167911305147,-2.25605684168199,stand
0.0549182426638719,0.902251452934451,0.0531973489900915,8.11239389272836,-8.81547194260817,-15.6607994666466,-2.67208323759191,-2.21656350528493,-0.674079446231618,stand
0.515246427511867,0.652271125890032,-0.17304316653481,-10.1798562442555,-15.7560460707721,-23.9432839786305,-9.39582375919118,-6.26104018267463,-11.2798354204963,stand
0.959205337717563,0.32394061511076,-0.0956552239912975,2.8681755065918,14.6894454956055,25.7892608642578,9.63068008422852,10.775089263916,16.563892364502,stand
0.985617764024849,0.170326324830572,-0.112541474491717,-18.1641578674316,-7.19976425170898,-9.79900360107422,-6.93750381469727,-7.47585296630859,-4.88901138305664,stand
1.00682779947917,0.204313151041667,0.0004833984375,-7.33095056870404,-3.17248176125919,0.79345703125,-5.93925924862132,-2.75286506204044,2.03929227941176,stand
0.891579501600151,0.493086113987199,0.0823430440512048,-10.3278160095215,-5.66387176513672,-5.77735900878906,-6.87281290690104,-5.96173604329427,-6.29933675130208,stand
0.749616555606618,0.0379940257352941,-0.494535558363971,10.3993135340074,4.48294246897978,-12.8425149356618,-2.70619111902574,3.69756362017463,16.786911908318,stand
0.524190512048193,-0.263738057699548,-0.758343432323042,15.5923631456163,-11.5191141764323,3.07337443033854,4.98750474717882,-10.2361043294271,3.22299533420139,stand
0.578293788580247,0.420654296875,-0.281818154417438,-1.79341634114583,-2.20540364583333,-2.50803629557292,2.36062442555147,-1.51959587545956,-0.687094295726103,stand
0.977725219726562,0.405819702148437,-0.00388946533203125,-33.7690465590533,24.9005485983456,-9.09109676585478,-22.0628626206342,0.906551585477941,-0.67138671875,stand
0.92920524691358,0.412243501639661,-0.0750641999421296,34.2230796813965,12.6891136169434,15.9358978271484,13.0491256713867,3.28540802001953,-6.74104690551758,stand
0.92967845775463,0.358110592689043,0.0210548683449074,3.37623147403493,5.74672923368566,3.41796875,-8.44163161057692,-2.78590275691106,-1.18314302884615,stand
0.933702741350446,0.366754441034226,-0.0405418759300595,-5.88719985064338,-2.89198931525735,-2.64964384191176,-5.03774789663461,-1.71661376953125,-0.29754638671875,stand
0.953955078125,0.337184143066406,-0.00495758056640625,-11.1492381376379,-3.89906939338235,1.79739559397978,-8.17063275505515,-3.86765423943015,-4.67726763556985,stand
0.909853980654762,0.424868629092262,0.039979480561756,-9.32168960571289,-4.99582290649414,-0.74005126953125,-6.41489028930664,-2.46667861938477,-2.86102294921875,stand
0.892425537109375,0.452661423456101,0.0625944591703869,-2.53629684448242,-2.37226486206055,-2.20680236816406,-2.12770349839154,-2.36062442555147,-2.37678079044118,stand
0.9450439453125,0.343977355957031,-0.0609054565429688,-2.20983168658088,-2.18828986672794,-1.15697524126838,-0.883663401884191,-2.26458381204044,-1.68250588809743,stand
0.946521959806743,0.341228284333882,-0.00374884354440789,-8.2402229309082,-1.82437896728516,2.83432006835938,-3.76224517822266,-3.36885452270508,-4.70542907714844,stand
0.948861929086538,0.353958521133814,0.0434319911858974,-11.436939239502,-5.12790679931641,-3.41653823852539,-8.16965103149414,-3.0055046081543,-1.77717208862305,stand
0.945702823591821,0.331500771604938,-0.0476164641203704,-8.26120376586914,-4.80747222900391,-0.87738037109375,0.734329223632812,-1.65557861328125,-2.63166427612305,stand
0.95626328866693,0.345256563983386,-0.0189950677412975,-16.5209770202637,-4.46653366088867,1.38044357299805,-9.39226150512695,-3.24773788452148,-2.28452682495117,stand
0.965850471047794,0.180484547334559,0.186129940257353,-10.3082656860352,-5.66625595092773,-2.18009948730469,-7.78913497924805,-1.22451782226562,5.22708892822266,stand
1.0034084567776,0.0869711343344156,0.170093090503247,-8.00959269205729,0.367058648003472,2.0951165093316,0.437418619791667,-1.83063083224826,-5.73772854275174,stand
0.978860037667411,0.22987293061756,0.129369826543899,-5.74016571044922,-5.0053596496582,-4.07600402832031,-5.98764419555664,-3.96633148193359,-4.23479080200195,stand
0.991106535259046,0.153856779399671,0.177994577508224,-8.14639820772059,-3.29814237706801,-4.5166015625,-5.26742374195772,-2.6402192957261,-2.29151108685662,stand
0.982576069078947,0.0588780453330592,0.216589676706414,2.49099731445312,3.04555892944336,1.41239166259766,4.2567253112793,0.913619995117188,0.729084014892578,stand
0.979085286458333,0.213362920851935,-0.0113409133184524,-4.84530131022135,-3.90052795410156,-1.38219197591146,-4.9128532409668,-3.83567810058594,-0.650405883789062,stand
0.962150573730469,0.299092102050781,-0.054736328125,-17.8704261779785,-4.45222854614258,0.374317169189453,-10.6219123391544,-2.76947021484375,2.04288258272059,stand
0.947890244521104,0.374491109476461,0.0265177937297078,-15.0871276855469,-7.5230598449707,-5.75399398803711,-4.9896240234375,-6.90841674804688,-5.35917282104492,stand
0.970999368807165,0.27936981945503,-0.0120283917682927,7.35712051391602,3.37553024291992,-4.11844253540039,4.50992584228516,-2.6397705078125,-6.34670257568359,stand
0.952949523925781,0.27979736328125,0.169955444335938,12.8146900850184,3.23486328125,-3.44758875229779,5.91592227711397,7.46872845818015,5.30287798713235,stand
0.92735363188244,0.357065836588542,0.191387358165923,-6.31093978881836,-3.35693359375,-1.86300277709961,-7.07197189331055,-1.46245956420898,-1.7094612121582,stand
0.9798828125,0.245649719238281,0.0394149780273437,-6.99806213378906,-2.4256706237793,-1.5110969543457,-5.19337373621324,-1.68654497931985,-1.85708438648897,stand
0.307255554199219,0.745004272460937,0.0335647583007812,-21.9449996948242,-8.8958740234375,-5.80835342407227,-24.7111320495605,-0.964641571044922,-1.77860260009766,stand
-0.306791687011719,0.87491455078125,0.132856750488281,-11.5167954388787,1.48862950942096,-23.4751981847426,8.148193359375,0.642215504365809,-19.7026869829963,back
-0.164041137695313,0.957628631591797,0.183415222167969,-14.3294334411621,-3.65877151489258,-2.4724006652832,-8.76140594482422,-2.67457962036133,-2.00986862182617,back
-0.141842403927365,0.932640281883446,0.366842733847128,14.5225524902344,-7.4467658996582,-6.2413215637207,-14.3218040466309,-4.26197052001953,0.615596771240234,back
-0.137298583984375,0.937603178478423,0.347634451729911,-2.03348795572917,-2.32950846354167,-2.39003499348958,-1.34989420572917,-1.2115478515625,-1.26749674479167,back
-0.121208190917969,0.966180419921875,0.233062744140625,-1.77405862247243,-2.35927806181066,-1.52991799747243,-2.00891494750977,0.1983642578125,3.38172912597656,back
-0.141793387276786,0.970818853997565,0.217890751826299,10.0417137145996,0.400066375732422,-5.87606430053711,-5.157470703125,-1.74522399902344,-1.14917755126953,back
-0.140698536332831,0.969029438064759,0.221853233245482,-2.38741361177885,-2.1820068359375,-2.166748046875,-2.33840942382812,-2.20489501953125,-2.14910507202148,back
-0.139401319550305,0.967856802591463,0.222017613852896,-2.39069321576287,-2.19008501838235,-2.17572380514706,-2.38037109375,-2.18514835133272,-2.17841653262868,back
-0.140672302246094,0.969700622558594,0.21832275390625,-2.30138442095588,-2.19277774586397,-2.13533289292279,-2.29317801339286,-2.18309674944196,-2.12533133370536,back
-0.142305448457792,0.970522397524351,0.222561130275974,-2.4418830871582,-2.26211547851562,-2.14290618896484,-2.41851806640625,-2.17247009277344,-2.16341018676758,back
-0.399856369216721,0.498678628500406,0.549942611099838,-2.50625610351562,-2.2120475769043,-2.26736068725586,-2.43997573852539,-2.20108032226562,-2.10905075073242,back
-0.667913527715774,0.362080891927083,0.702517554873512,-7.63750076293945,-21.3465690612793,-23.3731269836426,-6.99329376220703,-7.90691375732422,-11.8880271911621,back
-0.679258647717928,0.337394312808388,0.702318693462171,-2.59160995483398,-2.1510124206543,-2.22539901733398,-2.39293715533088,-2.21790986902574,-2.12231804342831,back
-0.685004511965981,0.338734300830696,0.694218502768987,-2.62212753295898,-2.04992294311523,-2.32887268066406,-2.38275527954102,-2.10762023925781,-2.11858749389648,back
-0.680993331106086,0.357794510690789,0.688730340254934,-2.24507649739583,-2.2369384765625,-2.07417805989583,-2.19106674194336,-2.17628479003906,-2.12478637695312,back
-0.675537109375,0.353189086914062,0.699696350097656,-2.46810913085938,-2.1063486735026,-2.25512186686198,-2.24971771240234,-2.19345092773438,-2.08854675292969,back
-0.631404331752232,0.365872337704613,0.73341296968006,-2.61020660400391,-2.21872329711914,-2.19392776489258,-2.56443023681641,-2.15387344360352,-2.26688385009766,back
-0.437997000558036,0.0228082566034226,0.457958403087798,-2.36735624425551,-2.49211928423713,-2.05410228056066,-2.26163864135742,-1.99508666992188,-1.91497802734375,back
0.507779208096591,-0.763554560673701,-0.424652495941558,-17.6858340992647,16.8385225183824,-16.0742367015165,-17.1060562133789,2.81381607055664,-25.1083374023438,back
0.44284918369391,-0.785157815004006,-0.400038499098558,-2.33364105224609,-8.63027572631836,-17.6882743835449,6.11639022827148,-3.45611572265625,-7.48872756958008,back
0.437112426757812,-0.780366516113281,-0.394830322265625,-2.37846374511719,-2.23541259765625,-2.18820571899414,-2.35509872436523,-2.24971771240234,-2.17199325561523,back
0.435455322265625,-0.782937186104911,-0.400240943545387,-2.41994857788086,-2.34460830688477,-2.20727920532227,-2.46000289916992,-2.3646354675293,-2.02274322509766,back
0.438018798828125,-0.78189697265625,-0.399302673339844,-2.38171745749081,-2.17662138097426,-2.17617259306066,-2.30273078469669,-2.20803653492647,-2.13039622587316,back
0.438397143260542,-0.7825927734375,-0.404026261295181,-2.33683866613051,-2.14430865119485,-2.16001622817096,-2.28253532858456,-2.18469956341912,-2.1214204676011,back
0.430466640142747,-0.783439730420525,-0.406360013985339,-2.43826473460478,-2.36331715303309,-2.00294045840993,-2.36241957720588,-2.26548138786765,-2.14879653033088,back
0.435286748976935,-0.78589593796503,-0.406200590587798,-2.36960018382353,-2.23406623391544,-2.14610380284926,-2.38934685202206,-2.19861198874081,-2.15687471277574,back
-0.0472475522524351,-0.276652546672078,0.198118531858766,-2.34850715188419,-2.21387077780331,-2.14700137867647,-2.29285745059743,-2.14520622702206,-2.12815228630515,back
-0.533392043340774,0.293115525018601,0.833222888764881,31.3458442687988,9.75179672241211,20.045280456543,15.9411430358887,10.9472274780273,14.3032073974609,back
-0.522120666503906,0.591221618652344,0.667082214355469,-5.26607737821691,-1.49132223690257,-2.42749382467831,-0.591951258042279,-1.12062342026654,-1.34905646829044,back
-0.528728666759673,0.58721197219122,0.660917736235119,-4.14514541625977,1.07097625732422,1.41477584838867,5.05638122558594,0.296115875244141,0.985622406005859,back
-0.530390930175781,0.583357238769531,0.663226318359375,-2.35462188720703,-2.16770172119141,-2.14767456054688,-2.28971593520221,-2.13219137752757,-2.24079805261949,back
-0.524856751223645,0.592382224209337,0.663937488234187,-2.28404998779297,-2.20298767089844,-2.11429595947266,-2.28691101074219,-2.15291976928711,-2.08711624145508,back
-0.517856092338102,0.547423581042922,0.706478256777108,-2.61415754045759,-2.35312325613839,-2.29099818638393,-2.38441018497243,-2.19816320082721,-2.09135167738971,back
-0.509407140031646,0.543137176127373,0.718760816356804,-2.35434139476103,-2.37678079044118,-2.42704503676471,-2.38396139705882,-2.27221320657169,-2.20803653492647,back
-0.50245044849537,0.55078125,0.722681869695216,-1.79454258510045,-2.33568464006696,-2.2871834891183,-2.49481201171875,-1.46675109863281,-1.26314163208008,back
-0.358828813601763,0.632615309495192,0.576001289563301,-1.58915800206801,-2.44948443244485,-2.21521714154412,-2.40684958065257,-1.38047162224265,-1.66051528033088,back
-0.175090046672078,0.883050299310065,0.414863091010552,14.4939422607422,16.3822174072266,20.5655097961426,-11.4269256591797,6.86073303222656,8.1019401550293,back
-0.172488328887195,0.891422923018293,0.468415050971799,-6.18600845336914,-3.09038162231445,-2.39133834838867,-2.47573852539062,-2.2587776184082,-2.11429595947266,back
-0.172454051482372,0.888798640324519,0.467969063000801,-2.34222412109375,-2.19053380629596,-2.1510404698989,-2.3350435144761,-2.23002714269301,-2.09224925321691,back
-0.171947660900298,0.891908191499256,0.467110770089286,-2.40564346313477,-2.19154357910156,-2.17056274414062,-2.40612030029297,-2.19297409057617,-2.14290618896484,back
-0.173789419778963,0.891159429782774,0.467877643864329,-2.32887268066406,-2.20108032226562,-2.12717056274414,-2.27625229779412,-2.17931410845588,-2.13398652918199,back
-0.172795801986883,0.891966266396605,0.468989619502315,-2.34385899135045,-2.17001778738839,-2.20598493303571,-2.34805836397059,-2.19367532169118,-2.12949865004596,back
-0.168023322610294,0.886088292738971,0.481904871323529,-2.42300594554228,-2.17976289636949,-2.17707016888787,-2.40774715647978,-2.18649471507353,-2.1815580480239,back
-0.163274317611883,0.907680181809414,0.412220896026235,-2.31664321001838,-2.19547047334559,-2.1209716796875,-2.25560805376838,-2.16899198644301,-2.14385986328125,back
-0.170839008532072,0.915474339535362,0.412615324321546,-9.0031623840332,-2.81810760498047,-2.60019302368164,7.93695449829102,0.848770141601562,-0.248432159423828,back
-0.21385395096009,0.890261730515813,0.463083290192018,-2.38466262817383,-2.17247009277344,-2.15911865234375,-2.25925445556641,-2.16865539550781,-2.16913223266602,back
-0.317350841703869,0.741625104631696,0.534970238095238,-7.09264418658088,-8.89048856847426,-5.63408346737132,4.78991340188419,-5.33878102022059,-7.41981057559743,back
-0.138003540039063,0.952503967285156,0.34368896484375,7.19272389131434,6.60840202780331,5.22972555721507,-2.77853012084961,2.78568267822266,6.35433197021484,back
-0.155981154668899,0.923868815104167,0.398463657924107,-2.96688079833984,-1.65700912475586,-2.28595733642578,-4.25481796264648,-1.82580947875977,-0.69427490234375,back
-0.155382428850446,0.921363467261905,0.405160086495536,-2.58187686695772,-2.15911865234375,-2.21656350528493,-2.59219898897059,-2.21566592945772,-2.14610380284926,back
-0.15704345703125,0.919703674316406,0.418583679199219,-2.37369537353516,-2.19154357910156,-2.14290618896484,-2.34760957605699,-2.16764562270221,-2.16226016773897,back
-0.158224487304687,0.919587707519531,0.422340393066406,-2.4871826171875,-2.17533111572266,-2.19869613647461,-2.32124328613281,-2.19058990478516,-2.1519660949707,back
-0.157612609863281,0.920680236816406,0.421385192871094,-2.40707397460938,-2.20823287963867,-2.15387344360352,-2.32124328613281,-2.19011306762695,-2.14338302612305,back
-0.15625726609003,0.917207263764881,0.420587448846726,-2.34079360961914,-2.18868255615234,-2.14099884033203,-2.34794616699219,-2.20108032226562,-2.11572647094727,back
-0.155918666294643,0.916634695870536,0.424123128255208,-2.39922018612132,-2.18380198759191,-2.16360653147978,-2.35254624310662,-2.19816320082721,-2.14385986328125,back
-0.184078732052365,0.589451145481419,0.480613914695946,-2.31395048253676,-2.20938289866728,-2.12501077090993,-2.31080896714154,-2.19547047334559,-2.13174258961397,back
0.348165893554688,0.551766967773437,0.863249206542969,-12.4725341796875,-22.2544352213542,-23.7757364908854,-9.09983317057292,-16.6544596354167,-16.6605631510417,right
0.251882934570313,0.496153259277344,0.894818115234375,5.04398345947266,-7.60269165039062,-13.059139251709,5.03921508789062,0.35858154296875,-9.02509689331055,right
0.262992457339638,0.46072708932977,0.912761487458882,-2.30312347412109,-1.7857551574707,-0.669002532958984,-2.5639533996582,-1.27172470092773,-0.307559967041016,right
0.278202819824219,0.469912719726563,0.9009765625,-2.1979014078776,-2.26020812988281,-2.166748046875,-2.17533111572266,-2.28595733642578,-2.07614898681641,right
0.276414489746094,0.479072570800781,0.900975036621094,-2.11763381958008,-2.00033187866211,-2.38323211669922,-2.19821929931641,-2.30121612548828,-1.8162727355957,right
0.271337264623397,0.479404547275641,0.901307717347756,-2.37274169921875,-2.16865539550781,-2.20918655395508,-2.25305557250977,-2.20060348510742,-2.19917297363281,right
0.280349359279726,0.470572122713415,0.905618807164634,-2.42069789341518,-2.26157052176339,-2.08936418805804,-2.28595733642578,-2.1824836730957,-2.22253799438477,right
0.273304748535156,0.46962890625,0.906234741210938,-2.32741411994485,-2.17841653262868,-2.18380198759191,-2.28971593520221,-2.22419289981618,-2.16450410730699,right
0.265246269030449,0.467515211838942,0.907982459435096,-2.48972574869792,-2.14640299479167,-2.06705729166667,-2.40373611450195,-2.11668014526367,-2.15387344360352,right
0.264763064500762,0.469937952553354,0.90827606945503,-2.32969011579241,-2.1803719656808,-2.16075352260045,-2.35605239868164,-2.14672088623047,-2.1672248840332,right
0.265524374472128,0.474516997466216,0.906693742081926,-2.22957835477941,-2.27894502527574,-2.13398652918199,-2.19008501838235,-2.26189108455882,-2.17931410845588,right
0.290240478515625,0.484555053710937,0.891635131835937,-2.362060546875,-2.15810139973958,-2.15098063151042,-2.3040771484375,-2.20235188802083,-2.14945475260417,right
0.297869001116071,0.45935785202753,0.904449462890625,-2.51054763793945,-2.20918655395508,-1.74093246459961,-2.38227844238281,-2.31838226318359,-1.10816955566406,right
0.308338366056743,0.467882658305921,0.895478901110197,-2.18629837036133,-2.26068496704102,-2.15673446655273,-2.35119987936581,-2.19367532169118,-1.81041044347426,right
0.300585643354669,0.46863234186747,0.896274061088102,-2.17103958129883,-2.2892951965332,-2.17962265014648,-2.27737426757812,-2.23636627197266,-2.12240219116211,right
0.30201099537037,0.45836799527392,0.907612364969136,-2.49208722795759,-2.08772931780134,-2.07301548549107,-2.3808198816636,-2.09628834443934,-2.16046501608456,right
0.437638132195724,0.617561741879112,0.707818282277961,-2.33279957490809,-2.13219137752757,-2.15597713694853,-2.52039292279412,-1.90061681410846,-2.07070743336397,right
0.516427176339286,0.622103736514137,0.654690697079613,4.68063354492188,-3.89623641967773,0.294685363769531,1.91450119018555,-3.45325469970703,1.17206573486328,right
0.511736895586993,0.617748363597973,0.671434557115709,-2.58771110983456,-2.21342198988971,-2.07384894875919,-2.41717170266544,-2.08910773782169,-2.17796774471507,right
0.549405611478365,0.458835699619391,0.679164788661859,-2.48463948567708,-2.09604899088542,-2.11079915364583,-2.45138315054087,-2.08165095402644,-2.1215585561899,right
-0.269076392764137,0.84370858328683,0.423983619326637,4.58170572916667,25.9709676106771,9.63643391927083,-0.998020172119141,15.4118537902832,14.1010284423828,back
-0.121122661389803,0.856949655633224,0.561998869243421,6.34227079503676,20.8632525275735,18.6641917509191,7.28876450482537,8.68898279526654,7.99695183249081,back
-0.124674479166667,0.868153889973958,0.539922805059524,-2.18251546223958,-2.38698323567708,-2.17081705729167,-1.95871988932292,-1.71305338541667,-1.94753011067708,back
-0.123941542227057,0.862508653085443,0.5460205078125,-2.59040383731618,-2.25156896254596,-2.12231804342831,-2.35119987936581,-2.1815580480239,-2.15373319738051,back
-0.123952842620482,0.86487698842244,0.537647660956325,-2.4714469909668,-2.25496292114258,-2.10237503051758,-2.43428548177083,-2.22930908203125,-2.11385091145833,back
-0.126496143830128,0.87248034354968,0.531239044971955,-2.30676987591912,-2.20040714039522,-2.12635713465074,-2.2918701171875,-2.19777425130208,-2.13165283203125,back
-0.124937399839744,0.874898274739583,0.519564115084135,-2.30550765991211,-2.1977424621582,-2.12001800537109,-2.29883193969727,-2.18772888183594,-2.13241577148438,back
-0.247425280119243,0.801708020662007,0.50595414011102,-2.27975845336914,-2.16150283813477,-2.14529037475586,-2.14433670043945,-2.25448608398438,-2.12192535400391,back
-0.617268389966114,0.400311205760542,0.742094844220633,2.51054763793945,-18.336296081543,-16.9000625610352,-10.7339223225911,-7.11949666341146,-9.67152913411458,back
-0.603404235839844,0.405662536621094,0.743539428710937,-2.53499348958333,-2.35443115234375,-1.96787516276042,-2.34177533318015,-1.75610710592831,-2.1510404698989,back
-0.608283720820783,0.39830660532756,0.736838467149849,-2.39086151123047,-2.33840942382812,-2.05898284912109,-2.33650207519531,-2.17819213867188,-2.16054916381836,back
-0.615921986253956,0.398164000692247,0.734938995747627,-2.3799223058364,-2.06218046300551,-2.23092471852022,-2.35838048598346,-2.06262925091912,-2.227783203125,back
-0.611013389495482,0.405827901449548,0.735063300075301,-2.27813720703125,-2.26186116536458,-2.08841959635417,-2.29310989379883,-2.21633911132812,-2.10380554199219,back
-0.32403564453125,0.308981405722128,0.821541451119088,-2.28009905133929,-2.25939069475446,-2.18582153320312,-2.30183320886949,-2.27131563074449,-2.08596622242647,back
0.556135828354779,0.500769761029412,0.755185116038603,-10.2961222330729,-11.9959513346354,-9.3841552734375,-2.74302164713542,-11.1597696940104,-10.369873046875,right
0.406209309895833,0.647249348958333,0.715027669270833,5.16554888556985,-9.22573313993566,-7.51091452205882,3.75276453354779,-7.03071145450368,-3.94484576056985,right
0.373600551060268,0.673915318080357,0.707053048270089,-2.11181640625,-1.6571044921875,-2.03196207682292,-0.912984212239583,-1.58284505208333,-2.39359537760417,right
0.374629211425781,0.657571411132812,0.718295288085937,-2.36918131510417,-2.23897298177083,-2.04925537109375,-2.41313261144301,-2.13847440831801,-2.08551743451287,right
0.373257723721591,0.657434240564123,0.718333058543019,-2.43332806755515,-2.166748046875,-2.03256046070772,-2.37184412339154,-2.17303107766544,-2.05365349264706,right
0.358345227363782,0.673319498697917,0.718847030248397,-2.29120254516602,-2.1204948425293,-2.15482711791992,-2.29406356811523,-2.08663940429688,-2.16913223266602,right
0.345865389195884,0.700935177686738,0.688786204268293,-2.31272379557292,-2.10367838541667,-2.1484375,-2.29120254516602,-2.07614898681641,-2.15291976928711,right
0.34500732421875,0.726118469238281,0.6583251953125,-2.54462747012868,-1.87368953929228,-2.12276683134191,-2.27670108570772,-2.15911865234375,-2.09269804113051,right
0.344367886766975,0.720403223861883,0.66027530623071,-2.34222412109375,-2.16388702392578,-2.08663940429688,-2.32934951782227,-2.20441818237305,-2.04658508300781,right
0.346908376186709,0.726738652096519,0.667869857594937,-2.35254624310662,-2.12321561925551,-2.14161592371324,-2.28177584134615,-2.10747352013221,-2.1520761343149,right
0.419630784254808,0.62567138671875,0.719976963141026,-2.37464904785156,-2.17914581298828,-2.10142135620117,-2.34127044677734,-2.19535827636719,-2.10094451904297,right
0.418480506310096,0.635186611077724,0.719180376101763,-2.40850448608398,-2.2740364074707,-2.1214485168457,-2.20489501953125,-2.17676162719727,-2.29549407958984,right
0.406539562136628,0.645340320675872,0.718220555505087,-2.22015380859375,-2.22539901733398,-2.23398208618164,-2.23970413208008,-2.14004516601562,-2.22301483154297,right
0.395300614206414,0.65826416015625,0.714594790810033,-2.25787692599826,-2.13580661349826,-2.20531887478299,-2.288818359375,-2.13538275824653,-2.17183430989583,right
0.393581043590199,0.657749522816051,0.711345325816761,-2.31615702311198,-2.17247009277344,-2.14703877766927,-2.28786468505859,-2.16007232666016,-2.16579437255859,right
0.405993497824367,0.656820176522943,0.71041367929193,-2.3712158203125,-2.25067138671875,-2.08689371744792,-2.36723158094618,-2.24939982096354,-2.08536783854167,right
0.391811236213235,0.656439568014706,0.711378389246324,-2.36272811889648,-2.25305557250977,-2.10762023925781,-2.32982635498047,-2.21061706542969,-2.12955474853516,right
0.389224243164063,0.654476928710938,0.71104736328125,-2.31085883246528,-2.1468268500434,-2.15530395507812,-2.30952671595982,-2.14930943080357,-2.1514892578125,right
0.397728329613095,0.65747796921503,0.711020333426339,-2.36034393310547,-2.21586227416992,-2.08139419555664,-2.30646133422852,-2.17580795288086,-2.16150283813477,right
0.397138977050781,0.657894897460938,0.709567260742187,-2.40909352022059,-2.2578519933364,-2.09539076861213,-2.40819594439338,-2.24752987132353,-2.1061616785386,right
0.390631424753289,0.663328471936678,0.701189543071546,-2.30884552001953,-2.22253799438477,-2.14576721191406,-2.23779678344727,-2.16293334960938,-2.18534469604492,right
0.390729402240954,0.656248393811678,0.703153911389803,-2.34270095825195,-2.15244293212891,-2.14624404907227,-2.33078002929688,-2.17962265014648,-2.13098526000977,right
0.435405213155864,0.551887418016975,0.7789306640625,-2.43520736694336,-2.24733352661133,-2.02798843383789,-2.36368179321289,-2.22301483154297,-2.09236145019531,right
0.341588541666667,0.745009765625,0.587799479166667,-4.55968520220588,-2.29914048138787,-2.21117805032169,-3.23662391075721,-3.01830585186298,-0.992995042067308,right
0.283187139601935,0.666099911644345,0.699478876023065,11.2111409505208,1.00199381510417,-2.24151611328125,3.16263834635417,0.814310709635417,-5.93007405598958,stomach
0.309085008574695,0.547464510289634,0.833451433879573,-11.6482902975643,-2.29240866268382,-3.23620964499081,-11.9409000172335,0.537647920496323,-1.91722196691176,stomach
0.228952026367188,0.570115661621094,0.860055541992187,-0.147651223575368,-2.24124684053309,-2.12411319508272,-1.10087675206801,-1.67263255399816,-1.2965482823989,stomach
0.0860566638764881,0.499739873976935,0.913013276599702,-6.03294372558594,-1.11722946166992,-8.44049453735352,-4.78076934814453,-0.982284545898438,-7.82012939453125,stomach
-0.00615561880716463,0.603543909584604,0.856324730849848,5.31723920036765,-11.0132553998162,-12.6392140107996,-4.70778521369485,-4.75760067210478,-2.8834623448989,stomach
0.0072601318359375,0.535700988769531,0.891854858398437,-5.07191249302455,-0.0136239188058036,-2.17764718191964,2.45083079618566,-0.891292796415441,-2.74299172794118,stomach
0.0144668579101563,0.495768737792969,0.931692504882813,-7.22217559814453,-1.80435180664062,-2.2735595703125,-4.26244735717773,-1.01947784423828,-0.855445861816406,stomach
0.0126541137695312,0.574537658691406,0.879556274414062,-1.41525268554688,-2.29310989379883,-2.24542617797852,-1.54733657836914,-2.22396850585938,-2.17723846435547,stomach
0.0139552525111607,0.614459809802827,0.852228073846726,-1.44004821777344,-2.31599807739258,-2.18582153320312,1.19781494140625,-2.07853317260742,-1.81436538696289,stomach
0.0139724731445313,0.603971862792969,0.859548950195313,-2.44993322035846,-2.19861198874081,-2.25426169002757,-2.34536563648897,-2.20399744370404,-2.16540168313419,stomach
0.00785576542721519,0.567032053500791,0.886880995352057,-2.34174728393555,-2.19345092773438,-2.13527679443359,-2.32362747192383,-2.20584869384766,-2.13241577148438,stomach
-0.000697124435240964,0.54065823842244,0.906155873493976,-2.3646354675293,-2.11000442504883,-2.17485427856445,-2.31170654296875,-1.80578231811523,-2.14624404907227,stomach
0.00187413832720588,0.540412454044118,0.906278722426471,-2.34671200022978,-2.18873865464154,-2.1510404698989,-2.34177533318015,-2.19232895795037,-2.14520622702206,stomach
-0.00010223388671875,0.529350280761719,0.905117797851563,-2.39011976453993,-2.19768948025174,-2.14131673177083,-2.37909952799479,-2.197265625,-2.14513142903646,stomach
0.000570718344155844,0.530457335633117,0.905303558745942,-2.36415863037109,-2.19440460205078,-2.13146209716797,-2.36606597900391,-2.19154357910156,-2.12764739990234,stomach
0.000103985821759259,0.531804591049383,0.911943600501543,-2.35748291015625,-2.197265625,-2.14004516601562,-2.34222412109375,-2.20298767089844,-2.14004516601562,stomach
-0.000449044363839286,0.531462169828869,0.906901041666667,-2.37947351792279,-2.18739229090074,-2.13129380170037,-2.31439927045037,-2.19232895795037,-2.13937198414522,stomach
-0.000729480421686747,0.530799957643072,0.907441288591867,-2.34671200022978,-2.20669017118566,-2.12680592256434,-2.33745574951172,-2.19297409057617,-2.13718414306641,stomach
-0.000849543391047297,0.533788732580237,0.907122637774493,-2.33513968331473,-2.19508579799107,-2.13078090122768,-2.32606775620404,-2.19322653377757,-2.13982077205882,stomach
0.0251226315553161,0.589246026400862,0.793918653466236,-2.34120686848958,-2.18556722005208,-2.13877360026042,-2.33510335286458,-2.18404134114583,-2.14385986328125,stomach
-0.330675627055921,0.228155838815789,0.95111083984375,-11.9491577148438,16.4835611979167,-8.123779296875,-21.0537380642361,-13.4777492947049,0.303056504991319,stomach
-0.203433766084559,0.473457605698529,0.919014246323529,13.8753255208333,-6.17726643880208,5.3863525390625,-5.53369522094727,-0.876903533935547,-0.487804412841797,stomach
-0.150297466077303,0.358692369962993,0.978456196032072,-7.97181970932904,-3.6464017980239,0.446543974034926,-1.34706497192383,-2.18534469604492,-1.05714797973633,stomach
-0.103483581542969,0.365724182128906,0.987213134765625,-5.60522079467773,-3.61490249633789,-2.97164916992188,-1.71661376953125,-3.53710467998798,-1.39970045823317,stomach
-0.0973165121423193,0.409975350621235,0.969182393637048,-2.28404998779297,-2.05564498901367,-2.10714340209961,-1.37519836425781,-1.92165374755859,-1.39760971069336,stomach
-0.0944713245738636,0.395073432426948,0.976717862215909,-2.66310747931985,-2.19367532169118,-2.17482622931985,-2.64380959903493,-2.17707016888787,-2.14520622702206,stomach
-0.0936555989583333,0.4049365234375,0.967858072916667,-2.38513946533203,-2.20155715942383,-2.14195251464844,-2.36892700195312,-2.20727920532227,-2.14147567749023,stomach
-0.0926709587191358,0.40672923900463,0.971916292920525,-2.35584803989955,-2.18309674944196,-2.14549473353795,-2.35443115234375,-2.17132568359375,-2.14589436848958,stomach
-0.111643198374155,0.397934372360642,0.974454312711149,-2.37857594209559,-2.19098259420956,-2.13892319623162,-2.3350435144761,-2.19995835248162,-2.14071834788603,stomach
-0.0939972310126582,0.392686288568038,0.976508418215981,-2.398681640625,-2.1820068359375,-2.16725667317708,-2.23795572916667,-1.0650634765625,-2.37375895182292,stomach
-0.0917211605023734,0.375169971321203,0.984727304193038,-2.19583511352539,-1.86777114868164,-2.19535827636719,-1.66702270507812,-2.02798843383789,-2.21681594848633,stomach
-0.0927734375,0.384529113769531,0.982850646972656,-2.24086216517857,-2.21851893833705,-1.00980486188616,-1.69801712036133,-1.29795074462891,-2.19964981079102,stomach
-0.0934186662946429,0.376950218563988,0.986059279668899,-2.61629544771635,-2.30055588942308,-2.17613807091346,-2.39652745863971,-2.18469956341912,-2.17258228975184,stomach
-0.0936447143554688,0.379776000976562,0.983198547363281,-2.34491684857537,-2.20040714039522,-2.14161592371324,-2.28691101074219,-2.20489501953125,-2.13623046875,stomach
-0.0969128730969551,0.3856201171875,0.986094939403045,-2.40278244018555,-2.18915939331055,-2.13718414306641,-2.34508514404297,-2.19058990478516,-2.13956832885742,stomach
-0.274543957832532,0.522930438701923,0.831129807692308,-2.45952606201172,-2.19583511352539,-2.1510124206543,-2.24542617797852,-2.18057632446289,-2.13766098022461,stomach
-0.376979064941406,0.49852294921875,0.817062377929688,-12.9976272583008,0.1373291015625,-3.49283218383789,11.6868019104004,0.0863075256347656,-2.99930572509766,stomach
-0.405901653010671,0.525426352896341,0.795396758288872,10.2169330303486,-6.59707876352164,-5.34996619591346,-4.66649672564338,-2.60162353515625,-0.761144301470588,stomach
-0.468022273137019,0.431260329026442,0.81512451171875,-10.4091868681066,-3.26807358685662,-1.15742402918199,-3.66076301125919,4.12929759306066,-3.45028147977941,stomach
-0.491423034667969,0.395111083984375,0.829981994628906,-5.82695007324219,-0.188350677490234,-2.6092529296875,-3.06374686104911,-1.90516880580357,-2.66974312918527,stomach
-0.52073742094494,0.410749162946429,0.80467296781994,-2.1672248840332,-1.77145004272461,-2.3503303527832,-2.08473205566406,-2.40373611450195,-1.41477584838867,stomach
-0.493595668247768,0.389462425595238,0.827004568917411,-2.35838048598346,-2.17707016888787,-2.17662138097426,-2.29883193969727,-2.17866897583008,-2.17485427856445,stomach
-0.458335562928082,0.434409781678082,0.833907453981164,-4.69521915211397,-3.01136690027574,1.36296889361213,-2.40954230813419,-2.21746108111213,-2.17033835018382,stomach
-0.466538373161765,0.4365966796875,0.823756318933824,-2.22484882061298,-2.22308819110577,-2.11158165564904,-1.28377278645833,-2.08231608072917,-2.28017171223958,stomach
-0.461106633565512,0.440641472138554,0.827427875564759,-2.3040771484375,-2.20579259535846,-2.06621955422794,-2.21072926240809,-2.08731258616728,-2.18335319967831,stomach
-0.459859965760031,0.44067684220679,0.827077606577932,-2.46653837316176,-2.02268712660846,-1.84227438534007,-2.08372228285846,-1.54786951401654,-2.1671968347886,stomach
-0.4621337890625,0.438206481933594,0.828265380859375,-2.33998018152574,-2.23496380974265,-2.10885440602022,-2.34760957605699,-2.05320470473346,-2.16046501608456,stomach
-0.460035944559488,0.440500282379518,0.828701524849398,-2.31742858886719,-2.17723846435547,-2.14385986328125,-2.31170654296875,-2.18629837036133,-2.12430953979492,stomach
-0.456672668457031,0.441743469238281,0.82845458984375,-2.35703412224265,-2.20399744370404,-2.12770349839154,-2.33662923177083,-2.1942138671875,-2.13267008463542,stomach
-0.455079650878906,0.442703247070312,0.827780151367188,-2.33983993530273,-2.20155715942383,-2.12907791137695,-2.32267379760742,-2.19535827636719,-2.13623046875,stomach
-0.455973307291667,0.451070149739583,0.826588948567708,-2.32219696044922,-2.19202041625977,-2.14290618896484,-2.32076644897461,-2.19488143920898,-2.13098526000977,stomach
-0.455598054108796,0.454155815972222,0.826479311342593,-2.30632108800551,-2.19277774586397,-2.14206471162684,-2.30932235717773,-2.19440460205078,-2.12574005126953,stomach
-0.453048885569853,0.450455250459559,0.829084329044118,-2.36034393310547,-2.19631195068359,-2.17199325561523,-2.33983993530273,-2.19345092773438,-2.13050842285156,stomach
-0.451185960036058,0.449469150641026,0.829664963942308,-2.35282050238715,-2.1926032172309,-2.14046902126736,-2.35493977864583,-2.19684176974826,-2.13368733723958,stomach
-0.452230834960938,0.45555419921875,0.826310729980469,-2.32315063476562,-2.19297409057617,-2.13241577148438,-2.29699271065848,-2.20543997628348,-2.13187081473214,stomach
-0.453656005859375,0.454837036132813,0.823043823242188,-2.35557556152344,-2.20012664794922,-2.14147567749023,-2.3040771484375,-2.19249725341797,-2.13432312011719,stomach
-0.4697265625,0.457558818247126,0.814746374371408,-2.33793258666992,-2.19535827636719,-2.14004516601562,-2.3345947265625,-2.19249725341797,-2.14290618896484,stomach
-0.480587729924842,0.428619771064082,0.823388980913766,-2.22863091362847,-2.0035637749566,-2.12266710069444,-2.34167916434152,-1.35912214006696,-1.76674979073661,stomach
-0.486799191205929,0.444927509014423,0.80684094551282,-2.23731994628906,-1.62220001220703,-2.18486785888672,-2.30264663696289,-1.47676467895508,-2.24590301513672,stomach
-0.471416655040923,0.473111107235863,0.79473150344122,-2.3345947265625,-1.87397003173828,-2.18677520751953,-2.53629684448242,-1.90353393554688,-1.4500617980957,stomach
-0.472018432617188,0.474807739257812,0.796420288085937,-2.41762049057904,-2.21342198988971,-2.2125244140625,-1.74093246459961,-1.29032135009766,-2.21157073974609,stomach
-0.47004627046131,0.467135474795387,0.801205589657738,-2.43234634399414,-2.20489501953125,-2.15864181518555,-2.33364105224609,-2.21920013427734,-2.13861465454102,stomach
-0.468763732910156,0.469303894042969,0.803358459472656,-2.37857594209559,-2.20399744370404,-2.15373319738051,-2.4078369140625,-2.17793782552083,-2.14029947916667,stomach
-0.466966901506696,0.468482607886905,0.79737054734003,-2.3494047277114,-2.19950956456801,-2.13623046875,-2.3350435144761,-2.19098259420956,-2.14341107536765,stomach
-0.406130871140813,0.426415133189006,0.873258659638554,-2.32786290785846,-2.19232895795037,-2.12545955882353,-2.29734532973346,-2.21162683823529,-2.12770349839154,stomach
-0.45972583912037,0.483740535783179,0.792842158564815,-3.51715087890625,-2.42669241768973,-1.31607055664062,-3.59479118795956,-3.14690085018382,-0.178168801700368,stomach
-0.470655822753906,0.516136169433594,0.770892333984375,-1.55149187360491,-2.16129847935268,-2.09753853934152,2.14385986328125,0.638176413143382,-2.43422564338235,stomach
-0.401217990451389,0.836117214626736,0.278293185763889,-6.32047653198242,-2.79760360717773,-0.486850738525391,-2.11191177368164,-2.35509872436523,-1.66845321655273,stomach
0.0238068013251582,0.762044785897943,0.331994165348101,14.2735799153646,-4.81109619140625,-3.55173746744792,7.87404378255208,1.79239908854167,-4.48760986328125,stomach
0.318419656635802,0.617363823784722,0.750708309220679,-20.9054946899414,-5.14125823974609,17.8136825561523,-34.7952842712402,6.44254684448242,2.28548049926758,stomach
-0.396466341885653,0.590691999955611,0.125249689275568,13.275146484375,-18.6145489032452,-32.1890024038462,-1.40066707835478,-8.82720947265625,-26.7199348000919,stomach
-0.303132556733631,-0.159496489025298,-0.871125720796131,26.5604654947917,8.94716050889757,-13.8842264811198,16.8028937445747,5.0307379828559,-12.2956169976128,left
-0.364730031866776,-0.234418367084704,-0.826856111225329,-6.76458022173713,8.84246826171875,-9.48109346277574,-2.55270565257353,-15.1833926930147,6.7143159754136,left
-0.337068103608631,-0.354788643973214,-0.79241216750372,-5.9971809387207,-2.42471694946289,-2.2273063659668,-2.07376480102539,-1.27363204956055,-1.21355056762695,left
-0.348276238692434,-0.531070106907895,-0.701562178762336,4.5013427734375,-1.97332045611213,-2.0442289464614,3.51759966681985,-2.20489501953125,-0.676772173713235,left
-0.348980353860294,-0.537879136029412,-0.696238798253677,-2.4103017953726,-2.197265625,-2.11921105018029,-2.20632553100586,-2.20632553100586,-2.14242935180664,left
-0.350247670368976,-0.535066535673946,-0.696980304028614,-2.36376594094669,-2.18110926011029,-2.13174258961397,-2.33316421508789,-2.19583511352539,-2.14052200317383,left
-0.349897766113281,-0.535267639160156,-0.697244262695312,-2.34222412109375,-2.1977144129136,-2.14565501493566,-2.3197847254136,-2.19950956456801,-2.1519380457261,left
-0.347596668061756,-0.526948474702381,-0.701792399088542,-2.31838226318359,-2.19488143920898,-2.14242935180664,-2.31599807739258,-2.19488143920898,-2.14385986328125,left
-0.293721008300781,-0.325782775878906,-0.757136535644531,-2.40999109604779,-2.15507956112132,-2.10167379940257,-2.32965805951287,-2.19591926125919,-2.13982077205882,left
-0.158835274832589,-0.0332699730282738,-0.922479538690476,-9.07039642333984,5.2037239074707,10.2367401123047,4.46414947509766,6.9117546081543,10.6582641601562,left
-0.139789860423018,-0.128721655868902,-0.907607660060976,-2.48098373413086,-2.17723846435547,-2.16817855834961,3.70609059053309,1.03176341337316,0.0924503102022059,left
-0.385086414425872,-0.257894826489826,-0.751518781795058,-2.28208654067096,-2.18469956341912,-2.15418198529412,-2.18649471507353,-2.18784107881434,-2.17572380514706,left
-0.4580078125,-0.491255476668074,-0.662305677259291,-9.83428955078125,-9.76223415798611,-14.7993299696181,3.18993462456597,-4.98835245768229,-14.0177408854167,left
-0.450853369701868,-0.506574959590517,-0.662886696300287,-8.42692057291667,-3.88692220052083,-2.911376953125,-7.74383544921875,-0.64697265625,-6.24491373697917,left
-0.450938550731804,-0.487780607199367,-0.672871650019778,-2.52369471958705,-2.25884573800223,-2.15257917131696,-1.29826863606771,-2.11164686414931,-2.15530395507812,left
-0.440458751860119,-0.503957112630208,-0.665627615792411,-3.55195999145508,-2.45380401611328,-1.44147872924805,-2.2125244140625,-2.21157073974609,-2.14719772338867,left
-0.444141877003205,-0.50582024989984,-0.65836901542468,-2.33145321116728,-2.19995835248162,-2.16226016773897,-2.28261947631836,-2.16150283813477,-2.14719772338867,left
-0.453220912388393,-0.495509556361607,-0.665836879185268,-2.75039672851562,-2.22233363560268,-1.78037370954241,-2.29215621948242,-2.18677520751953,-2.13193893432617,left
-0.438794258313301,-0.473088191105769,-0.690424992487981,-2.05814137178309,-1.86875287224265,-2.166748046875,-1.65128707885742,-2.166748046875,-2.14767456054688,left
-0.376251965034299,-0.391641756383384,-0.739625512099848,-2.62212753295898,-2.29024887084961,-2.20012664794922,-1.45721435546875,-1.88282557896205,-2.17601231166295,left
-0.15202666491997,-0.0792921112804878,-0.915138802877287,1.05885096958705,8.18634033203125,8.69424002511161,-5.33878102022059,2.02358470243566,6.33598776424632,left
-0.159945678710938,-0.00157623291015625,-0.910597229003906,6.3629150390625,3.81649241727941,5.71755801930147,-6.84222053079044,0.576692468979779,6.78163416245404,left
-0.155444058504972,-0.00285616787997159,-0.913592251864347,-2.4266242980957,-2.20632553100586,-2.13336944580078,-2.34508514404297,-2.2130012512207,-2.14147567749023,left
-0.131976318359375,0.0693115234375,-0.912504577636719,-5.62381744384766,-1.78289413452148,1.09720230102539,-2.32103135850694,-2.15954250759549,-2.13834974500868,left
-0.124898770960366,-0.0624270555449695,-0.921605552115091,0.700950622558594,-0.0324249267578125,8.94451141357422,2.74991989135742,-1.66463851928711,-3.44991683959961,left
-0.126317466177591,-0.0586771150914634,-0.922342439977134,-2.38441018497243,-2.23810532513787,-2.18559713924632,-2.38575654871324,-2.16585047104779,-2.12411319508272,left
-0.126351928710938,-0.0681594848632812,-0.921621704101563,-2.34267290900735,-2.19861198874081,-2.12725471047794,-2.34087775735294,-2.19053380629596,-2.12456198299632,left
-0.220472891119462,-0.0314586011669304,-0.887818928006329,-2.23255157470703,-2.17533111572266,-2.13003158569336,-2.27451324462891,-2.06995010375977,-2.12764739990234,left
-0.536943182887801,-0.495687829442771,-0.571108163121235,-11.0187530517578,-11.0373497009277,-22.9372978210449,-7.95316696166992,-11.8074417114258,-11.0106468200684,left
-0.555706317608173,-0.637664012419872,-0.412284655448718,-9.09064797794118,-8.87119068818934,-3.00104477826287,4.62475944967831,-3.15138872931985,-7.42519603056066,left
-0.526947765815549,-0.645842761528201,-0.501668790491616,-10.1218223571777,1.26457214355469,-0.625133514404297,5.67007064819336,-1.10769271850586,-2.64692306518555,left
-0.43939804449314,-0.657629989996189,-0.531906500095274,-7.79948515050551,3.05579690372243,0.322678509880515,4.61222330729167,-2.27508544921875,-2.19777425130208,left
-0.468397695806962,-0.643784921380538,-0.541159328026108,-2.39787382238051,-2.40640079273897,-2.09449319278493,-2.36075265066964,-2.25939069475446,-2.12424142020089,left
-0.469297162224265,-0.641162109375,-0.5399658203125,-2.35509872436523,-2.23541259765625,-2.14338302612305,-2.34699249267578,-2.23588943481445,-2.12955474853516,left
-0.47218120528991,-0.632884565606175,-0.540975915380271,-2.46115291819853,-2.40684958065257,-2.08551743451287,-2.38710291245404,-2.28567684397978,-2.10750804227941,left
-0.470189224054784,-0.632241331500772,-0.539755738811728,-2.37274169921875,-2.26996926700368,-2.13264016544118,-2.337646484375,-2.22880045572917,-2.1240234375,left
-0.470137746710526,-0.629262823807566,-0.541463751541941,-2.34850715188419,-2.21970502068015,-2.13264016544118,-2.33513968331473,-2.19617571149554,-2.12696620396205,left
-0.474485851469494,-0.624616350446429,-0.544940766834077,-2.48098373413086,-2.24065780639648,-2.13909149169922,-2.32744216918945,-2.20441818237305,-2.12430953979492,left
-0.485668364025298,-0.617106119791667,-0.545870826357887,-2.44140625,-2.24618350758272,-2.13308895335478,-2.43871352251838,-2.24797865923713,-2.12321561925551,left
-0.485564817865211,-0.606885059770331,-0.551503376788404,-2.47865564682904,-2.27266199448529,-2.11199592141544,-2.41223503561581,-2.2120756261489,-2.12815228630515,left
-0.432703088831019,0.332799840856481,-0.669040256076389,-5.26237487792969,0.258922576904297,1.55496597290039,-2.35523897058824,-2.20893411075368,-2.11289349724265,left
-0.0920588795731707,0.726159072503811,0.660249291396723,-22.1363947941707,-5.24315467247596,0.533470740685096,-14.6215102251838,3.70653937844669,2.95122931985294,stomach
-0.0785323741824128,0.669236294058866,0.792135549146076,-22.6413502412684,-10.3221220128676,10.1260016946232,-15.0056726792279,-13.0718455595129,6.34945140165441,stomach
-0.132213391755757,0.7440185546875,0.716376053659539,2.54567464192708,-0.878651936848958,-4.84932793511285,-1.5517340766059,-1.8111334906684,1.40889485677083,stomach
-0.123790394176136,0.750886198762175,0.707811231737013,-2.33602523803711,-1.9984245300293,-1.97076797485352,-2.09999084472656,-2.2130012512207,-1.86586380004883,stomach
-0.123325892857143,0.750728397578983,0.705887008499313,-2.32887268066406,-2.21824645996094,-2.16579437255859,-2.33316421508789,-2.20012664794922,-2.1209716796875,stomach
-0.121470642089844,0.750929260253906,0.703677368164062,-2.31893439041941,-2.2125244140625,-2.13261654502467,-2.29363692434211,-2.16313412314967,-2.12659333881579,stomach
-0.122955322265625,0.750578227796053,0.702696147717928,-2.30836868286133,-2.22682952880859,-2.20298767089844,-2.32696533203125,-2.23255157470703,-2.16484069824219,stomach
-0.126450482536765,0.746431238511029,0.701931583180147,-2.34222412109375,-2.25257873535156,-2.1977424621582,-2.32172012329102,-2.20870971679688,-2.13527679443359,stomach
-0.12639785394436,0.746616270483994,0.701508312690549,-2.32965805951287,-2.19636804917279,-2.13802562040441,-2.3197847254136,-2.1968168370864,-2.13174258961397,stomach
-0.125418526785714,0.746576218377976,0.70222400483631,-2.33190199908088,-2.19277774586397,-2.15418198529412,-2.32696533203125,-2.19367532169118,-2.15373319738051,stomach
-0.125526911095728,0.74680917474288,0.701414470431171,-2.31529684627757,-2.197265625,-2.15283562155331,-2.32023351332721,-2.19367532169118,-2.13488410500919,stomach
-0.126667785644531,0.746832275390625,0.703471374511719,-2.32791900634766,-2.197265625,-2.14481353759766,-2.32267379760742,-2.19583511352539,-2.13098526000977,stomach
-0.127096036585366,0.747839950933689,0.700984303544207,-2.33125686645508,-2.19821929931641,-2.14719772338867,-2.32124328613281,-2.19964981079102,-2.14910507202148,stomach
-0.1246337890625,0.746977656720633,0.702822030308735,-2.33205159505208,-2.18048095703125,-2.15047200520833,-2.32472139246324,-2.18828986672794,-2.14206471162684,stomach
-0.12532220884811,0.746938306231831,0.702415288880814,-2.32606775620404,-2.19995835248162,-2.15283562155331,-2.32493082682292,-2.20082600911458,-2.14335123697917,stomach
-0.126461356026786,0.746479143415179,0.70220947265625,-2.32606775620404,-2.19995835248162,-2.14116713579963,-2.33145321116728,-2.18469956341912,-2.13174258961397,stomach
-0.125434027777778,0.746592580536265,0.701539592978395,-2.3345947265625,-2.19181605747768,-2.14276994977679,-2.32478550502232,-2.19236101422991,-2.14004516601562,stomach
-0.125271751767113,0.746919177827381,0.702853248232887,-2.32561896829044,-2.19412410960478,-2.1514892578125,-2.32696533203125,-2.18963623046875,-2.14161592371324,stomach
-0.127186310596955,0.746558556189904,0.701580341045673,-2.32606775620404,-2.19457289751838,-2.14385986328125,-2.32315063476562,-2.19488143920898,-2.13241577148438,stomach
-0.123206922743056,0.733127170138889,0.726113552517361,-2.33125686645508,-2.18486785888672,-2.12907791137695,-2.3193359375,-2.19058990478516,-2.13050842285156,stomach
-0.126420033128956,0.732661380043513,0.721245488034019,-2.38460964626736,-2.09214952256944,-2.04425387912326,-2.39351060655382,-1.43135918511285,-1.83020697699653,stomach
-0.123948430440512,0.727393460560994,0.729225985975151,-2.33125686645508,-2.13766098022461,-2.11620330810547,-2.30598449707031,-2.16197967529297,-2.105712890625,stomach
-0.127398755176958,0.815940029649849,0.152030485222139,-5.0048828125,-3.28267415364583,0.209554036458333,-2.36870260799632,-2.22643683938419,-2.14565501493566,stomach
-0.244990539550781,-0.226170349121094,-0.802900695800781,11.5217321059283,9.85807531020221,-10.7991835650276,12.7644258386949,5.2952485926011,-3.98074879365809,back
-0.0791528018904321,-0.50025016878858,-0.790714216820988,32.5160026550293,-3.84378433227539,-1.04951858520508,-4.70638275146484,-6.39438629150391,-7.1568489074707,left
-0.0596262001129518,-0.623877835560994,-0.713453913309488,-5.02300262451172,-2.61163711547852,-1.15156173706055,-3.08847427368164,-1.86443328857422,-1.01232528686523,left
-0.0622195289248512,-0.629186721075149,-0.703297932942708,-1.64794921875,-2.22253799438477,-2.1357536315918,-0.522389131433823,-2.32831169577206,-1.80592256433824,left
-0.0634780883789063,-0.671733093261719,-0.669374084472656,-2.41851806640625,-2.13847440831801,-2.17168471392463,-2.24752987132353,-2.19457289751838,-2.12231804342831,left
-0.0626947312127976,-0.689252580915179,-0.659883045014881,-2.29644775390625,-2.25639343261719,-2.14624404907227,-2.33888626098633,-2.17819213867188,-2.15435028076172,left
-0.0594932154605263,-0.69095169870477,-0.657135009765625,-2.32965805951287,-2.18559713924632,-2.13802562040441,-2.31664321001838,-2.19502168543199,-2.12725471047794,left
-0.0678045099431818,-0.691224531693892,-0.65656211159446,-2.32839584350586,-2.19535827636719,-2.12764739990234,-2.31552124023438,-2.19345092773438,-2.13336944580078,left
-0.0630669844777961,-0.714051899157072,-0.631301076788651,-2.30958726671007,-2.20404730902778,-2.12224324544271,-2.11715698242188,-2.14385986328125,-1.71618991427951,left
-0.0605122130594136,-0.719517083815586,-0.625869562596451,-2.32458114624023,-2.17008590698242,-2.15816497802734,-2.2587776184082,-2.18439102172852,-2.14862823486328,left
-0.0606338500976562,-0.71710205078125,-0.623988342285156,-2.33279957490809,-2.19636804917279,-2.13219137752757,-2.32109656700721,-2.18846247746394,-2.13975172776442,left
-0.064111328125,-0.718546070772059,-0.625603170955882,-2.38291422526042,-2.18556722005208,-2.13623046875,-2.32887268066406,-2.1967887878418,-2.12955474853516,left
-0.0631917317708333,-0.72105212089343,-0.628610464242788,-2.37056187220982,-2.18582153320312,-2.13568551199777,-2.35833062065972,-2.19853719075521,-2.12605794270833,left
-0.0613143920898438,-0.721138000488281,-0.629908752441406,-2.37703323364258,-2.18343734741211,-2.14433670043945,-2.37001691545759,-2.18636648995536,-2.14222499302455,left
-0.0628463745117187,-0.721903991699219,-0.628866577148438,-2.39038467407227,-2.18915939331055,-2.12764739990234,-2.34699249267578,-2.19106674194336,-2.13432312011719,left
-0.0633128096417683,-0.721381955030488,-0.626848918635671,-2.33840942382812,-2.19297409057617,-2.12955474853516,-2.32648849487305,-2.197265625,-2.12812423706055,left
-0.0620529174804687,-0.721133422851562,-0.622474670410156,-2.3651123046875,-2.19412410960478,-2.13039622587316,-2.34222412109375,-2.19573974609375,-2.13521321614583,left
-0.0600657743566176,-0.718553251378676,-0.623843922334559,-2.31526692708333,-2.1820068359375,-2.15250651041667,-2.30884552001953,-2.18629837036133,-2.14290618896484,left
-0.0619499300733025,-0.715568636670525,-0.623613522376543,-2.32526991102431,-2.20447116427951,-2.12054782443576,-2.32230292426215,-2.18497382269965,-2.14004516601562,left
-0.0644562550080128,-0.715308556189904,-0.624057867588141,-2.32651654411765,-2.20354865579044,-2.12411319508272,-2.32606775620404,-2.20130471622243,-2.12635713465074,left
-0.0628236282703488,-0.719038142714389,-0.62358767487282,-2.35257829938616,-2.1820068359375,-2.1498543875558,-2.33650207519531,-2.19392776489258,-2.13193893432617,left
-0.0621353149414062,-0.719349670410156,-0.622911071777344,-2.41427951388889,-2.17861599392361,-2.15191311306424,-2.33840942382812,-2.18909127371652,-2.13677542550223,left
-0.0645485362787356,-0.716513447377874,-0.625042093211207,-2.33173370361328,-2.19011306762695,-2.1367073059082,-2.32315063476562,-2.19869613647461,-2.12717056274414,left
-0.259700626521916,-0.542169744318182,-0.188092912946429,-2.39613850911458,-2.29949951171875,-2.04976399739583,-2.32060750325521,-2.20574273003472,-2.12351481119792,back
-0.604605538504464,0.488815307617188,0.706125895182292,13.9584541320801,-17.0087814331055,15.3875350952148,13.4539604187012,-16.6668891906738,13.3700370788574,back
-0.569792175292969,0.404380798339844,0.770585632324219,-2.63258990119485,-5.4621976964614,4.03864243451287,-4.16071274701287,0.145407284007353,-0.978357651654412,back
-0.569471086774554,0.402964274088542,0.76799810500372,-2.54583358764648,-2.33030319213867,-2.05183029174805,-1.80768966674805,-2.29549407958984,-1.76048278808594,back
-0.575157528831845,0.408688499813988,0.763334728422619,-2.42704503676471,-2.05275591681985,-2.19008501838235,-2.32458114624023,-2.21633911132812,-2.10905075073242,back
-0.578688049316406,0.415950012207031,0.754345703125,-2.25515926585478,-2.17931410845588,-2.13847440831801,-2.21880744485294,-2.12770349839154,-2.1366792566636,back
-0.571578588241186,0.417749649439103,0.761809520232372,-2.45761871337891,-2.29454040527344,-2.12860107421875,-2.37274169921875,-2.28627522786458,-2.10164388020833,back
-0.578414916992188,0.423797607421875,0.74979248046875,-2.36654281616211,-2.2735595703125,-2.0909309387207,-2.32505798339844,-2.21109390258789,-2.16341018676758,back
-0.580192565917969,0.424330139160156,0.749113464355469,-2.52628326416016,-2.30932235717773,-2.1357536315918,-2.38895416259766,-2.22110748291016,-2.1357536315918,back
-0.642787388392857,0.388760521298363,0.708323160807292,-2.32028961181641,-2.18915939331055,-2.10094451904297,-2.22539901733398,-1.91354751586914,-2.09808349609375,back
-0.680265880766369,0.415065220424107,0.650239490327381,-2.01909682329963,-0.395830939797794,-2.25515926585478,-2.59264777688419,-0.356786391314338,-1.66590073529412,back
-0.665545654296875,0.425001525878906,0.662715148925781,-2.54106521606445,-2.27499008178711,-0.631332397460938,-2.60207232306985,-1.22563979204963,-1.50613223805147,back
-0.666711716424851,0.430895124162946,0.660843622116815,-2.45571136474609,-2.34031677246094,-2.04372406005859,-2.37178802490234,-2.19249725341797,-2.18296051025391,back
-0.66033935546875,0.423655700683594,0.66484375,-2.50513413373162,-2.23810532513787,-2.14026955997243,-2.41178624770221,-2.15014289407169,-2.17213350183824,back
-0.657486688523065,0.423863002232143,0.670587448846726,-2.44998931884766,-2.25400924682617,-2.16388702392578,-2.36368179321289,-2.26879119873047,-2.13384628295898,back
-0.656684875488281,0.426565551757813,0.668009948730469,-2.40281048943015,-2.31484805836397,-2.11917652803309,-2.40011776194853,-2.26233987247243,-2.12994743795956,back
-0.662532261439732,0.437321254185268,0.656463623046875,-2.24637985229492,-2.18296051025391,-2.11572647094727,-2.24590301513672,-2.01320648193359,-2.1672248840332,back
-0.654823303222656,0.434860229492188,0.665544128417969,-2.41518020629883,-2.26640701293945,-2.13861465454102,-2.39877139820772,-2.24483714384191,-2.1510404698989,back
-0.60142822265625,0.480531311035156,0.702903747558594,-2.3798942565918,-2.21824645996094,-2.13384628295898,-2.36129760742188,-2.24542617797852,-2.11524963378906,back
-0.423286437988281,0.635284423828125,0.644319152832031,-2.59828567504883,-4.1050910949707,0.671863555908203,-2.65789031982422,-2.21586227416992,1.42717361450195,back
-0.48511337652439,0.66644287109375,0.616675400152439,4.97674942016602,1.75380706787109,-2.27832794189453,-1.51729583740234,-5.39159774780273,-2.02369689941406,back
-0.516940804414971,0.596341865007267,0.66753298737282,-6.11114501953125,-1.49087344898897,-1.31360222311581,-3.81335090188419,-1.32212919347426,-2.84307143267463,back
-0.492568557326858,0.553682894320101,0.683390849345439,-2.13283962673611,-2.40495469835069,-2.22354465060764,-2.14597913953993,-0.918070475260417,-2.38800048828125,back
-0.204878523543074,0.868153340107686,0.468921558277027,0.0732421875,7.89286295572917,8.10343424479167,-2.410888671875,-2.29390462239583,-2.12453206380208,back
-0.118648035386029,0.900208237591912,0.476177619485294,7.989501953125,3.31878662109375,13.4841918945312,-11.38916015625,4.91892496744792,7.4310302734375,back
-0.234791941456981,0.760496461546266,0.579323508522727,-2.62451171875,-2.20669017118566,-2.19008501838235,-2.51096837660846,-2.26144229664522,-2.16764562270221,back
-0.308566463694853,-0.182362994025735,-0.825565831801471,7.7667236328125,19.805908203125,-19.4127009465144,5.41067123413086,14.7595405578613,-13.8874053955078,left
-0.202128092447917,-0.205011276971726,-0.873026529947917,-2.73266960592831,17.0512479894301,-17.6454431870404,-5.66998650045956,15.9701179055607,-9.12744858685662,left
-0.197940688535392,-0.322934805628765,-0.857035073889307,-4.04537425321691,-0.486486098345588,-2.43287927964154,-2.03929227941176,0.898922190946691,-2.31664321001838,left
-0.192632765997024,-0.324807303292411,-0.852113269624256,-2.29330623851103,-2.19277774586397,-2.1366792566636,-2.09180046530331,-1.95402257582721,-2.10257137522978,left
-0.187997436523438,-0.326438903808594,-0.850831604003906,-2.31080896714154,-2.19143138212316,-2.13308895335478,-2.30497472426471,-2.17482622931985,-2.13398652918199,left
-0.18482048128858,-0.326613437982253,-0.853289568865741,-2.31599807739258,-2.18772888183594,-2.14099884033203,-2.3193359375,-2.18963623046875,-2.13098526000977,left
-0.187254253186678,-0.330153615851151,-0.851292660361842,-2.34270095825195,-2.1815299987793,-2.14004516601562,-2.32076644897461,-2.19058990478516,-2.14004516601562,left
-0.188033040364583,-0.331920030381944,-0.853522406684028,-2.31742858886719,-2.19869613647461,-2.14004516601562,-2.30312347412109,-2.20823287963867,-2.13813781738281,left
-0.190946602527006,-0.334561571662809,-0.853161470389661,-2.33035617404514,-2.17268202039931,-2.16505262586806,-2.33629014756944,-2.1820068359375,-2.14174058702257,left
-0.186143493652344,-0.333918762207031,-0.855686950683594,-2.27846418108259,-2.28173392159598,-2.14603969029018,-2.33190199908088,-2.18559713924632,-2.14385986328125,left
-0.183213507992098,-0.338078641343391,-0.858117816091954,-2.37131118774414,-2.17437744140625,-2.1519660949707,-2.35652923583984,-2.1367073059082,-2.15578079223633,left
-0.524605887276786,-0.332112101765422,-0.484944133015422,-2.38418579101562,-2.17819213867188,-2.15106540256076,-2.31636895073785,-2.1926032172309,-2.14004516601562,left
-0.50086331654744,0.620217932275979,0.656304416886295,3.46257136418269,-14.8514967698317,16.870351938101,10.955810546875,-15.9287452697754,5.32197952270508,back
-0.497929270674543,0.698938881478659,0.560576648246951,-12.5481100643382,-9.66105741613051,-5.01924402573529,0.665552475873162,-5.41462617761949,15.9171609317555,back
-0.500179515165441,0.701991900275735,0.559669404871324,-2.3799223058364,-2.14879653033088,-2.17437744140625,-2.3351816030649,-2.18670184795673,-2.14385986328125,back
-0.503096731085526,0.700879548725329,0.559724506578947,-2.3634774344308,-2.23704746791295,-2.14603969029018,-2.38630506727431,-2.17480129665799,-2.13199191623264,back
-0.500397917512175,0.70168552150974,0.559280197341721,-2.5792121887207,-2.29883193969727,-2.18629837036133,-2.29454040527344,-2.18391418457031,-2.15816497802734,back
-0.499465762867647,0.701841107536765,0.563245346966912,-2.37035751342773,-2.17676162719727,-2.12669372558594,-2.3350715637207,-2.17390060424805,-2.11906433105469,back
-0.500860305059524,0.701770600818452,0.564444405691964,-2.35075109145221,-2.22464168772978,-2.14430865119485,-2.33728745404412,-2.21970502068015,-2.13937198414522,back
-0.501053583054315,0.702760242280506,0.563579740978423,-2.34671200022978,-2.20534380744485,-2.15732350068934,-2.3345947265625,-2.22912956686581,-2.13802562040441,back
-0.500746154785156,0.70433349609375,0.558544921875,-2.35793169806985,-2.18290441176471,-2.12366440716912,-2.31395048253676,-2.19591926125919,-2.13937198414522,back
-0.499388042249178,0.701213635896382,0.556304931640625,-2.30741500854492,-2.17628479003906,-2.20012664794922,-2.28309631347656,-2.19488143920898,-2.17151641845703,back
-0.436502146166424,0.590370355650436,0.65538699127907,-2.37846374511719,-2.23445892333984,-2.12430953979492,-2.36002604166667,-2.20870971679688,-2.14195251464844,back
-0.313612030773628,0.119941525342988,-0.738118985804116,7.52841725068934,16.021728515625,7.83987606272978,-11.4840339211857,5.49181769875919,2.98219568589154,left
-0.17644072741997,-0.218525211985518,-0.841179080125762,7.94489243451287,13.9056935029871,-19.4585463579963,18.1467392865349,19.1609999712776,-1.52587890625,left
-0.0918593295784884,-0.443903013717297,-0.823110181231831,-7.73441090303309,1.78931741153493,-2.31125775505515,8.16749123965993,-1.18839039522059,-2.16540168313419,left
-0.0919912237870066,-0.477062024568257,-0.802875719572368,-1.85721261160714,-1.46429879324777,-2.2751944405692,-0.854068332248264,-2.49354044596354,-1.38219197591146,left
-0.091343891189759,-0.495546639683735,-0.795713125941265,-1.88852945963542,-2.28729248046875,-2.09147135416667,-1.60878499348958,-2.13521321614583,-2.14284261067708,left
-0.0940128102022059,-0.500221162683824,-0.794536994485294,-2.43581136067708,-2.18963623046875,-2.14589436848958,-2.38171745749081,-2.20175350413603,-2.12725471047794,left
-0.0947956285978618,-0.538587068256579,-0.759884482935855,-2.29814317491319,-2.23541259765625,-2.10444132486979,-2.25236680772569,-2.10528903537326,-2.20108032226562,left
-0.182230631510417,-0.0721944173177083,-0.59593999953497,2.69762674967448,-5.5993398030599,-2.7154286702474,2.58827209472656,-1.71804428100586,-2.3198127746582,stomach
-0.105550130208333,0.78293942182492,0.754489996494391,-71.3070140165441,4.39363367417279,21.6378604664522,-25.7844924926758,-0.203609466552734,4.72354888916016,stomach
-0.0710580008370536,0.638254801432292,0.826888311476935,12.4526023864746,4.06742095947266,-13.0929946899414,-6.53409957885742,-3.14807891845703,-1.54256820678711,stomach
-0.0577273485137195,0.659965701219512,0.810034775152439,-0.977460075827206,-2.48045079848346,-2.38485897288603,-1.41816980698529,-2.0594877355239,-2.24169562844669,stomach
-0.0505454323508523,0.67100663618608,0.801172429865057,-2.11468864889706,-2.53206140854779,-2.48583625344669,-2.20380510602679,-2.20162527901786,-2.13623046875,stomach
-0.0456981169871795,0.671206743289263,0.796231783353365,-2.29093763563368,-2.29814317491319,-2.22735934787326,-2.32648849487305,-2.24542617797852,-2.21109390258789,stomach
-0.0480259486607143,0.669299897693452,0.795522054036458,-2.30169296264648,-2.21729278564453,-2.17390060424805,-2.32410430908203,-2.19488143920898,-2.16054916381836,stomach
-0.0479549831814236,0.668809678819444,0.79549323187934,-2.32696533203125,-2.21566592945772,-2.12276683134191,-2.31395048253676,-2.166748046875,-2.12904986213235,stomach
-0.0475484440835674,0.670813399754214,0.797839218311095,-2.32747395833333,-2.18658447265625,-2.12351481119792,-2.3345947265625,-2.15975443522135,-2.13813781738281,stomach
-0.0468623173701299,0.670733563311688,0.796938413149351,-2.32823689778646,-2.21972995334201,-2.20828586154514,-2.34180026584201,-2.22142537434896,-2.13326348198785,stomach
0.0648505632267442,0.577834018441134,0.869684263717296,-2.33983993530273,-2.25210189819336,-2.20870971679688,-2.39896774291992,-2.22635269165039,-2.17247009277344,stomach
0.622406382619599,0.341087058738426,0.689219533661265,11.8233816964286,-2.53840855189732,12.4201093401228,-2.5376213921441,-2.67834133572049,9.27734375,right
0.597030639648438,0.587898947975852,0.636958729137074,4.93980856502757,-5.89707318474265,18.2432286879596,1.61518770105699,-0.676772173713235,9.83518712660846,right
0.583738708496094,0.6423828125,0.550144958496094,7.98373752170139,3.00513373480903,-2.81609429253472,-9.46765475802951,-2.61433919270833,0.954098171657986,right
0.593781300080128,0.645343487079327,0.549936147836538,-8.79669189453125,-3.86285781860352,-2.18582153320312,-3.93533706665039,-3.082275390625,0.892162322998047,right
0.593745534012957,0.654883407964939,0.540402296112805,-2.62546539306641,-2.22682952880859,-2.07662582397461,-2.23595755440848,-2.16947283063616,-2.22069876534598,back
0.59521764996408,0.702563757183908,0.454725945132902,-2.30946260340074,-2.16764562270221,-2.15777228860294,-2.31350169462316,-2.19188017003676,-2.11783016429228,right
0.597103165991512,0.706321433738426,0.445760091145833,-5.22867838541667,-1.37074788411458,-1.3641357421875,-1.66490342881944,-2.24558512369792,-2.02348497178819,right
0.592433166503906,0.701091003417969,0.462356567382812,-2.41851806640625,-2.20983168658088,-2.14161592371324,-3.06342629825368,-1.99306712431066,-1.40291101792279,back
0.59483642578125,0.703460693359375,0.469374084472656,-2.3798942565918,-2.12001800537109,-2.16150283813477,-2.33888626098633,-2.13718414306641,-2.17676162719727,back
0.594469647074855,0.704758754996366,0.462659259175145,-2.43282318115234,-2.15673446655273,-2.10666656494141,-2.32791900634766,-2.17247009277344,-2.15339660644531,back
0.595582619691506,0.702700883914263,0.455378605769231,-2.30662027994792,-2.27779812282986,-2.0705329047309,-2.34440394810268,-2.22069876534598,-2.08663940429688,back
0.603618275035511,0.657698197798295,0.54810957475142,-2.3956298828125,-2.12533133370536,-2.17437744140625,-2.37464904785156,-2.14290618896484,-2.16245651245117,back
-0.321980265827922,0.538661411830357,0.76182813768263,-2.66027450561523,13.6852264404297,-0.627517700195312,-3.22511461046007,6.50914510091146,1.26139322916667,back
-0.76161432840738,0.349328466208584,0.588667168674699,-0.0400543212890625,15.44189453125,2.45046615600586,-4.71591949462891,3.94105911254883,-6.13546371459961,back
-0.788137637867647,0.366529756433824,0.532667451746324,-0.492320341222426,5.26293586282169,-2.48987534466912,-1.92108154296875,-2.29746500651042,-2.25270589192708,back
-0.806886461046007,0.377090454101562,0.500054253472222,-2.44320140165441,-2.37902473000919,-2.08551743451287,-2.48359231387868,0.328961540670956,-2.17841653262868,back
-0.797847401012074,0.388040715997869,0.496885819868608,-2.10011800130208,-2.30051676432292,-2.10062662760417,-1.93837483723958,-2.1209716796875,-2.06654866536458,back
-0.807844606164384,0.384924483625856,0.486115756100171,-1.96880764431424,-2.43250528971354,-2.20616658528646,-2.2994147406684,-1.23765733506944,-2.17819213867188,back
-0.774218213427198,0.429839081816621,0.535052959735577,-2.28525797526042,-2.45768229166667,-2.1484375,-2.2430419921875,-1.66575113932292,-2.18149820963542,back
0.325252167166096,0.690264140089897,0.536186322773973,-3.73077392578125,-13.9567057291667,-4.60179646809896,-3.45865885416667,-11.5521748860677,3.72865464952257,right
0.29750726161859,0.909519293369391,0.0432770557892628,9.88006591796875,-9.87294514973958,-12.8341674804688,1.08795166015625,-17.7190144856771,-11.5865071614583,right
0.299510035021552,0.913488629220546,-0.132220388829023,16.5777206420898,0.631332397460938,-2.24685668945312,-11.042594909668,-2.65073776245117,-1.98173522949219,right
0.221141918285473,0.971410802892737,0.00245130384290541,-11.3419426812066,-0.146230061848958,-3.14754909939236,-8.64961412217882,0.842200385199653,-1.06260511610243,right
0.21278620340738,0.971607621893825,-0.00371652626129518,-2.386474609375,-1.08896891276042,-2.11690266927083,-2.63050624302455,-2.19999040876116,-0.655582972935268,right
0.205891418457031,0.970748901367188,-0.00979461669921875,-2.30153401692708,-2.19167073567708,-2.13165283203125,-2.24932502297794,-2.18425077550551,-2.17168471392463,right
0.203041634908537,0.968130716463415,-0.00596953601371951,-2.4724006652832,-2.13527679443359,-2.09712982177734,-2.21633911132812,-2.05421447753906,-2.43091583251953,right
0.186007342761076,0.960707266119462,-0.130907276008703,-2.2587495691636,-2.20848532284007,-2.17482622931985,-2.12321561925551,-2.20130471622243,-2.25381290211397,right
0.194367532169118,0.957523839613971,-0.135307042738971,-2.39038467407227,-2.13241577148438,-2.14385986328125,-2.33078002929688,-2.15639386858259,-2.13350568498884,right
0.18031005859375,0.968417358398437,-0.0766021728515625,-2.40236170151654,-2.23316865808824,-2.1061616785386,-2.32427260454963,-2.19053380629596,-2.13308895335478,right
0.15953863234747,0.977037702287946,-0.0506010509672619,-2.98713235294118,-1.71347225413603,-2.2273344152114,-2.39383473115809,-2.24708108340993,-2.18021168428309,right
0.243787812023628,0.958153701410061,-0.0129811356707317,-2.17437744140625,-2.14700137867647,-2.35299503102022,-2.36368179321289,-2.12621688842773,-2.105712890625,right
0.355755780194257,0.92700855152027,-0.0172416068412162,1.38255528041295,4.31769234793527,-4.10842895507812,-2.43916231043199,-1.94639318129596,-0.52642822265625,right
0.301737467447917,0.93457757859003,-0.104922340029762,-0.129191080729167,-4.3731689453125,0.898234049479167,-3.00801595052083,-0.328572591145833,0.85906982421875,right
0.259591909555288,0.949830666566506,-0.078212640224359,-4.08935546875,-2.54328110638787,-2.19906077665441,2.65233656939338,-1.76732680376838,-3.55080997242647,right
0.255107532848011,0.954046075994318,-0.0779446688565341,-2.22301483154297,-1.85537338256836,-1.97649002075195,-2.14195251464844,-1.90973281860352,-1.82294845581055,right
0.2315283203125,0.934723307291667,0.106632486979167,-2.38249037000868,-2.1561516655816,-2.13750203450521,-2.25734710693359,-2.23970413208008,-2.13241577148438,right
0.144322713216146,0.373450385199653,0.934141370985243,-22.2305297851562,0.168355305989583,-2.6824951171875,-14.6031697591146,-0.416056315104167,-0.568644205729167,right
-0.181755514705882,0.139725988051471,1.04424833409926,-14.6952311197917,-7.27488199869792,-3.69822184244792,-6.77286783854167,-0.359090169270833,-17.6055908203125,stomach
-0.153771509098101,0.213244474386867,1.03128399426424,-1.70629164751838,-2.14924531824449,-3.56965906479779,1.42490162568934,-1.79111256318934,-4.15487850413603,stomach
-0.141504236169764,0.222921835409628,1.03142650707348,1.49822235107422,-2.43473052978516,-1.9078254699707,-0.518321990966797,-1.58071517944336,-3.0207633972168,stomach
-0.140739245292468,0.217177170973558,1.02982897636218,-2.39835466657366,-2.22069876534598,-2.01307024274554,-2.3223876953125,-2.31577555338542,-1.81833902994792,stomach
-0.142701648530506,0.220488048735119,1.0316641671317,-2.37703323364258,-2.20584869384766,-2.13861465454102,-2.35795974731445,-2.20441818237305,-2.15053558349609,stomach
-0.14156783254523,0.218406275699013,1.03196635999178,-2.3045259363511,-2.21028047449449,-2.18110926011029,-2.33100442325368,-2.20175350413603,-2.13129380170037,stomach
-0.142044793991815,0.218835739862351,1.0306890578497,-2.32076644897461,-2.22921371459961,-2.17676162719727,-2.26688385009766,-2.21633911132812,-2.19249725341797,stomach
-0.177509258319805,0.183470094358766,1.02877688717532,-2.3188871495864,-2.20669017118566,-2.14789895450368,-2.32247745289522,-2.20085592830882,-2.14206471162684,stomach
0.407973691641566,0.291942182793675,0.869548016283886,-5.9045644906851,1.22950627253606,11.8455153245192,-5.97572326660156,2.52056121826172,2.55870819091797,right
-0.55552499505538,0.153552091574367,0.824625135977057,-2.27445714613971,-15.7955394071691,17.4066880170037,8.68898279526654,-16.9228946461397,9.79748894186581,back
-0.166508662236201,0.224238408076299,0.860668628246753,-6.66093826293945,17.573356628418,5.23948669433594,3.46946716308594,10.230541229248,4.41741943359375,back
0.347823705428686,0.595052083333333,0.835270808293269,-5.8283805847168,-12.1612548828125,-11.284351348877,3.15427780151367,-11.9428634643555,-14.1148567199707,right
0.233874850802951,0.580540974934896,0.843312581380208,7.07483291625977,5.75828552246094,-0.949382781982422,1.65557861328125,-2.84528732299805,-7.16400146484375,right
0.222940063476563,0.604379272460937,0.830746459960938,-2.23846435546875,-1.5045166015625,-2.16623942057292,-3.03243001302083,-1.9256591796875,0.592041015625,right
0.216829905790441,0.600001436121324,0.833728745404412,-2.31027603149414,-2.02417373657227,-2.21967697143555,-2.17437744140625,-2.04753875732422,-2.14767456054688,right
0.198321086604421,0.635642447122713,0.814725550209604,-2.29051378038194,-2.13072035047743,-2.19090779622396,-2.37274169921875,-1.63057115342882,-2.1561516655816,right
0.269466351859177,0.729118250593354,0.760739097112342,-2.44768928079044,-2.19412410960478,-2.1815580480239,-2.17437744140625,-2.227783203125,-1.02057823768029,right
-0.187478901427469,0.265617464795525,0.807419765142747,-3.94725799560547,0.828266143798828,5.84125518798828,-2.23255157470703,-2.29263305664062,-2.13050842285156,back
-0.853395080566406,0.185333251953125,0.534455871582031,-6.64295869715074,13.7562471277574,-0.539891860064338,-8.12261244829963,4.03370576746324,8.02343031939338,back
-0.859597342354911,0.225729806082589,0.500732421875,-3.9830207824707,0.149726867675781,-3.07035446166992,-2.21538543701172,-1.87587738037109,-1.42097473144531,back
-0.702766324266975,0.455445842978395,0.473983953028549,-2.21920013427734,-2.24828720092773,-2.21872329711914,-1.60531436695772,-1.80906407973346,-2.11827895220588,back
-0.0193505859375,0.87775146484375,0.0535904947916667,3.11413933249081,4.24463608685662,6.82426901424632,-0.701317420372596,5.89224008413461,6.5160898061899,stand
0.56531455300071,0.755956476384943,-0.370724764737216,9.466552734375,-14.7974650065104,9.24936930338542,4.2083740234375,-8.319091796875,10.9522501627604,stand
0.784501087816456,0.61319471914557,-0.109021150613133,-0.121222601996528,5.69788614908854,-10.9897189670139,2.31409072875977,9.06515121459961,3.52382659912109,stand
0.826666666666667,0.564235026041667,-0.0325748697916667,-13.3875528971354,-10.0728352864583,0.04119873046875,-9.27400588989258,-7.8587532043457,-2.74896621704102,stand
0.779818830818966,0.635990537446121,0.099450823904454,-5.44891357421875,-4.28619384765625,-3.1982421875,-3.26385498046875,-3.64125569661458,-1.88751220703125,stand
0.808435217126623,0.587925502232143,0.0184088372564935,3.64261203342014,5.02183702256944,-0.504387749565972,-4.18938530815972,-2.52151489257812,-0.257703993055556,stand
0.800900413876488,0.602482386997768,0.0347653343563988,3.0512809753418,2.38704681396484,-2.26688385009766,-3.15713882446289,-2.44760513305664,0.272274017333984,stand
0.866319928850446,0.499658493768601,0.0389302571614583,-3.12894933363971,-3.08990478515625,-1.51555678423713,-2.35299503102022,-2.42076200597426,-2.52712474149816,stand
0.945483063998288,0.366804567101884,0.0514400952482877,1.37957404641544,-0.115338493795956,3.04682114545037,0.422954559326172,-0.255584716796875,2.32458114624023,stand
0.8663330078125,0.503558279454023,0.0358900749820402,-5.68389892578125,-2.06580528846154,-5.73319655198317,-3.17891438802083,-1.83359781901042,-4.50541178385417,stand
0.819572634813262,0.578452505716463,0.0208859327362805,-0.645107693142361,-1.95736355251736,-4.0435791015625,-1.86835394965278,-1.26563178168403,-3.42390272352431,stand
0.815365675019055,0.581672482374238,0.0181572146532012,-1.81265438304228,-2.03480440027574,-2.29240866268382,-1.79072788783482,-1.80380684988839,-2.22723824637277,stand
0.811713676948052,0.592354910714286,0.0341305423092532,-2.5008065359933,-2.08064488002232,-2.37219674246652,-2.90635052849265,-1.40515495749081,-1.14126766429228,stand
0.810587565104167,0.591217823517628,0.031764886318109,-2.5629997253418,-2.52008438110352,-2.39992141723633,-2.63357162475586,-2.54726409912109,-2.25353240966797,stand
0.813789181592988,0.593319776581555,0.0310922017911585,-2.45141983032227,-2.33078002929688,-2.11715698242188,-2.32410430908203,-2.197265625,-2.17914581298828,stand
0.813084193638393,0.594085693359375,0.034819103422619,-2.37001691545759,-2.23268781389509,-2.27900913783482,-2.21342198988971,-2.11379107306985,-2.27041805491728,stand
0.814739026521382,0.583410965768914,0.0358565481085526,-2.46698716107537,-2.25560805376838,-2.12725471047794,-2.40468978881836,-2.26449966430664,-2.01797485351562,stand
0.817567406631098,0.579924792778201,0.0412672089367378,-2.59208679199219,-2.3504892985026,-2.09935506184896,-2.30884552001953,-2.25734710693359,-2.14672088623047,stand
0.798071884527439,0.610037454744665,0.0306470917492378,-2.57020838120404,-2.60835535386029,-2.10705925436581,-2.42255715762868,-2.18425077550551,-2.45935776654412,stand
0.648030598958333,0.758467901320685,-0.0258338564918155,-2.6545805089614,-2.69586899701287,-2.06577076631434,-2.60611141429228,-2.45217715992647,-2.35658533432904,stand
0.543058849516369,0.817874000186012,-0.0375802176339286,4.31330063763787,-1.95492015165441,-6.37323716107537,-1.73456528607537,-2.2425932042739,-6.46748262293199,stand
0.750093248155382,0.668123033311632,-0.0139617919921875,-3.60107421875,-3.01809871897978,-3.17652085248162,-1.8458646886489,-0.657474293428309,1.97017894071691,stand
